108 123
54 236
30 92
47 216
88 69
60 161
28 64
49 185
40 136
104 37
42 233
48 19
64 178
123 185
118 106
95 238
23 41
103 97
67 203
76 169
57 29
83 69
7 224
99 196
55 54
116 77
115 174
86 128
120 86
98 26
61 46
65 110
46 191
18 144
19 178
88 199
17 39
81 146
107 206
108 132
99 72
96 116
91 238
66 137
31 212
45 36
8 25
73 159
42 82
14 180
75 186
22 118
69 236
71 246
34 7
4 113
11 141
43 2
94 80
62 87
26 177
84 16
37 48
111 42
109 222
96 32
20 186
35 41
1 217
12 33
69 238
86 75
83 134
113 202
17 184
33 108
2 90
52 217
5 177
90 30
23 24
32 228
30 68
23 67
43 115
63 82
90 153
84 245
79 141
26 117
17 156
27 207
98 74
60 127
32 14
106 2
84 223
86 194
106 243
36 230
90 1
109 85
45 65
117 210
52 62
92 93
107 165
98 151
11 209
