111 226
202 39
147 98
110 178
211 247
144 113
9 133
55 475
77 378
31 316
5 297
91 271
90 320
21 219
95 238
49 138
221 364
217 71
173 112
140 129
21 220
49 417
60 144
80 77
117 107
198 224
4 292
110 281
30 114
39 48
66 124
153 258
110 349
179 59
163 176
81 395
88 455
234 23
181 133
207 215
74 395
85 390
218 262
232 127
15 18
190 440
175 5
115 391
160 421
103 435
133 212
165 114
216 425
184 390
129 232
153 262
2 346
179 415
225 104
209 118
46 107
174 129
19 440
19 346
59 394
51 97
136 403
10 451
202 129
44 89
34 457
158 376
187 401
32 157
170 344
102 81
141 152
138 46
104 268
223 23
204 366
155 89
154 26
140 118
86 284
216 228
198 136
213 199
41 65
4 386
223 422
36 428
197 361
114 331
36 473
101 429
137 274
227 110
22 346
198 401
61 273
226 373
9 380
100 237
205 235
49 153
104 304
152 463
24 323
105 202
125 389
205 87
