110 124
138 273
159 400
177 418
200 315
196 419
12 160
77 152
88 347
126 198
1 230
44 453
39 14
96 103
182 418
124 259
18 397
23 201
36 418
85 59
5 2
65 386
168 313
14 167
217 139
186 288
78 94
173 173
47 294
149 443
32 54
160 32
187 58
167 236
7 168
184 157
122 440
121 394
110 419
86 273
66 405
29 128
48 125
16 356
4 418
59 272
171 91
97 166
183 363
134 230
117 250
14 331
208 303
23 152
181 97
29 100
106 150
147 379
176 118
9 414
71 124
20 193
29 396
162 156
202 91
209 2
173 448
112 380
21 145
157 64
215 127
168 1
49 417
20 410
8 381
72 97
139 264
137 142
151 121
191 116
195 385
205 369
135 204
39 105
125 257
107 131
33 15
3 270
71 221
57 175
31 196
220 307
228 76
92 11
198 275
146 446
146 13
14 157
96 108
20 364
133 104
70 321
160 340
10 42
103 144
131 367
83 116
186 224
207 333
199 69
207 172
