105 179
115 281
216 20
50 321
159 391
233 97
99 236
219 426
187 281
224 230
192 367
204 382
179 6
70 391
209 417
116 466
86 488
12 82
176 463
68 277
172 291
176 281
168 46
3 257
68 21
57 50
120 86
26 263
45 191
152 82
254 236
5 253
141 36
79 347
238 425
88 238
160 469
226 135
81 319
67 292
206 309
55 329
17 148
257 445
80 514
62 344
66 325
141 10
152 95
241 198
97 465
264 407
141 521
19 21
208 20
89 316
104 339
233 20
190 450
68 65
250 111
163 34
57 65
64 126
2 337
86 55
247 376
142 172
123 184
131 414
58 276
234 145
246 347
198 310
222 34
136 126
56 92
27 137
239 302
140 175
167 128
196 320
11 31
177 313
109 196
59 335
56 527
59 324
89 326
37 483
174 52
105 413
165 222
235 153
57 180
106 324
225 256
205 359
210 143
8 123
148 393
90 94
130 36
49 182
179 114
122 507
