106 47
161 237
144 435
67 245
99 38
24 108
32 32
177 165
16 423
49 447
166 289
46 337
139 213
143 29
63 117
62 386
174 135
148 121
176 176
173 291
79 341
146 451
217 83
133 424
52 58
196 323
127 10
78 47
22 267
130 214
182 95
182 40
100 374
116 451
221 113
218 237
60 423
44 439
99 353
65 268
160 275
222 210
156 77
126 148
180 422
119 57
186 199
212 305
219 349
106 362
185 4
25 93
148 157
73 115
80 134
125 283
187 71
22 208
171 48
32 81
8 461
131 242
230 276
218 405
106 399
133 333
110 249
22 179
152 130
38 302
217 178
204 119
135 325
47 337
105 161
188 314
68 99
163 67
107 326
42 325
123 306
21 159
191 246
46 238
204 169
71 112
169 142
128 374
13 84
179 51
174 384
10 424
22 440
126 158
167 268
109 395
219 408
193 434
191 320
67 469
141 430
117 84
209 470
40 54
6 344
144 225
91 458
