112 43
36 56
85 84
62 227
149 241
13 313
72 253
153 200
157 137
36 185
113 71
4 263
130 106
101 27
3 48
50 226
129 128
95 159
14 293
118 161
11 45
86 74
136 142
34 205
22 291
135 29
138 8
109 88
70 199
18 68
37 78
125 212
26 315
101 198
151 93
31 282
105 18
33 42
95 87
6 18
43 106
1 298
11 179
85 295
71 100
29 189
76 23
149 175
59 141
33 242
127 254
137 103
56 105
143 233
130 120
56 54
69 233
138 1
38 181
147 223
116 316
53 295
65 313
127 124
65 235
26 111
70 86
66 182
159 100
115 318
125 158
142 124
124 232
101 265
56 123
50 288
46 296
125 312
33 94
99 110
46 4
47 288
64 13
34 74
82 269
16 75
91 132
56 135
158 268
43 52
73 304
40 205
25 186
135 2
3 129
128 72
133 149
126 80
65 151
17 141
22 84
91 271
34 267
58 274
151 174
107 127
31 162
51 105
56 24
27 190
117 177
97 242
25 263
