107 6
128 324
306 601
292 127
304 456
86 312
213 420
210 433
144 473
224 582
188 342
227 331
76 542
41 109
53 350
279 450
256 58
255 329
292 210
251 266
193 33
98 369
136 105
183 394
9 278
14 83
277 485
226 258
30 130
186 573
81 58
241 555
120 114
52 118
170 128
68 616
193 433
219 137
162 263
38 427
92 490
194 199
242 313
6 589
233 12
258 206
245 72
54 500
59 49
292 159
296 414
166 332
257 580
283 192
38 71
237 511
211 327
45 29
23 531
181 22
73 217
18 141
14 259
117 73
60 505
101 594
173 417
66 183
306 513
44 310
35 415
222 528
232 314
306 156
231 32
174 200
8 267
149 320
123 330
142 131
158 91
154 179
296 485
183 91
305 57
287 331
34 491
56 405
18 361
162 486
285 271
201 244
22 364
234 390
255 230
111 105
268 570
80 354
74 153
35 599
48 567
62 13
89 612
16 498
86 509
34 582
285 188
299 375
