104 201
159 255
198 266
14 261
76 209
38 186
37 387
84 233
58 172
200 86
119 148
158 73
15 223
12 161
73 22
140 132
13 135
86 137
175 75
23 10
40 37
130 369
61 143
159 32
134 390
112 146
1 356
154 68
83 321
8 21
6 260
99 28
199 387
63 397
7 35
160 378
139 163
99 394
190 274
177 138
179 334
192 374
32 139
141 208
146 346
112 87
47 309
196 221
185 313
61 352
77 367
43 154
7 275
201 379
110 20
111 388
154 317
186 24
48 47
186 106
123 28
63 59
191 24
97 357
154 122
81 355
196 320
50 20
98 37
88 92
93 14
21 237
189 342
11 341
107 83
70 278
118 299
186 100
13 266
5 276
45 399
199 128
50 188
68 118
3 33
7 49
104 177
89 122
51 169
31 213
70 373
174 314
20 360
178 89
55 351
21 68
174 342
173 54
181 86
14 86
125 95
98 384
130 324
24 196
6 73
