109 92
99 213
14 219
68 169
32 12
71 107
51 67
27 74
30 147
3 155
60 149
71 173
53 97
15 152
7 180
19 217
94 24
57 175
36 59
28 223
94 12
66 28
51 12
114 30
20 143
59 232
111 74
19 54
33 161
61 176
56 8
105 178
28 118
117 123
39 34
73 202
33 162
30 175
30 27
26 202
7 31
41 173
59 79
6 127
20 140
35 14
86 15
92 217
46 85
30 43
24 192
5 207
4 27
65 62
75 231
29 68
31 204
117 208
66 121
71 115
58 141
95 214
87 42
102 113
71 121
81 85
64 56
56 30
117 24
73 231
72 121
95 2
98 149
102 115
38 76
39 22
17 215
11 58
70 5
65 66
87 175
50 72
4 158
78 105
79 48
110 180
22 103
61 163
115 133
45 89
65 178
54 177
10 87
112 81
85 100
110 40
23 119
92 168
66 227
79 30
25 59
102 209
82 15
72 111
98 231
85 145
52 41
24 208
82 111
76 156
