113 32
212 233
59 578
240 423
248 229
245 625
210 6
132 549
36 234
66 196
50 491
230 366
85 126
63 113
85 379
204 652
224 200
229 383
18 495
112 249
235 564
102 389
216 478
97 98
235 239
165 401
132 577
51 243
179 350
246 128
304 571
134 613
95 208
136 281
32 208
317 254
111 414
72 513
246 653
221 630
174 212
140 568
190 97
255 298
288 646
46 306
202 393
241 421
295 307
273 144
286 459
265 229
260 83
156 481
171 598
307 27
282 552
71 361
24 540
19 583
295 284
65 608
102 487
257 127
109 437
106 143
307 5
322 519
152 255
23 393
262 114
32 443
97 651
190 115
145 210
29 155
72 382
179 321
102 77
287 68
63 495
230 290
79 237
259 480
4 552
325 263
203 639
159 368
138 235
318 275
188 70
319 110
112 285
263 45
70 128
76 163
198 562
42 609
29 618
221 657
242 58
308 211
12 561
201 83
233 625
255 420
294 553
158 427
2 253
204 32
74 280
17 62
202 489
216 344
