114 135
217 227
153 411
250 124
247 463
30 77
195 294
189 293
131 104
1 500
164 245
204 31
43 330
70 18
115 95
182 365
24 192
4 196
30 337
120 307
66 443
228 156
159 454
71 489
96 447
244 224
136 55
35 492
102 278
7 303
72 187
217 368
53 232
88 299
56 8
211 496
22 511
254 436
174 355
135 286
192 431
186 440
233 155
33 454
54 75
251 393
226 239
98 144
223 131
180 396
254 383
23 478
189 45
132 219
187 201
173 346
249 116
124 350
208 183
188 8
52 220
13 134
160 149
197 517
49 34
82 112
235 452
23 31
181 412
57 464
49 142
220 67
220 361
194 402
117 388
161 376
46 41
226 448
222 280
208 384
52 78
202 246
82 489
166 203
239 363
204 481
132 28
98 193
25 512
218 293
232 87
79 336
95 236
167 300
52 336
103 306
219 222
208 154
212 397
250 228
146 381
106 56
153 142
64 193
140 172
9 336
138 145
5 204
97 198
148 56
176 518
261 65
28 374
216 183
216 98
