116 58
83 213
50 95
123 22
23 336
163 568
70 499
245 34
290 386
49 516
197 201
67 148
70 484
172 364
128 366
253 413
147 17
44 257
252 365
244 457
73 242
260 82
211 75
10 394
280 296
82 307
122 242
125 535
134 79
89 340
250 24
157 1
101 363
252 295
205 523
130 382
229 234
42 153
26 231
150 287
158 365
270 339
62 575
254 115
247 288
205 394
38 44
167 131
188 243
70 299
268 421
191 282
77 560
18 376
79 78
130 418
33 310
168 194
181 423
180 276
48 94
245 508
175 82
184 145
36 422
67 193
3 511
9 321
198 410
10 366
215 106
257 261
248 404
104 495
236 439
196 404
51 215
58 105
114 357
123 347
229 356
232 188
231 274
44 176
80 487
40 493
158 526
64 277
277 203
244 239
219 255
236 58
19 164
65 213
32 154
41 33
286 549
165 510
189 212
166 337
101 199
257 30
183 236
117 85
11 184
76 457
279 219
225 334
188 177
70 264
171 392
139 370
207 558
214 484
93 102
178 102
228 548
