115 177
202 433
127 328
176 203
156 477
225 291
265 434
89 44
35 203
185 192
113 41
83 67
158 214
52 157
64 450
194 97
268 489
107 345
232 324
183 77
156 100
168 221
179 557
177 58
26 93
224 539
234 46
260 528
80 448
107 466
185 141
46 191
133 298
100 455
115 387
172 257
166 222
105 39
21 65
71 100
65 48
23 81
149 64
177 350
212 241
102 381
184 503
138 74
124 310
37 325
50 238
40 406
42 56
115 307
47 52
151 149
175 301
251 296
88 97
119 139
215 418
277 391
127 405
72 342
281 179
223 532
25 325
177 330
12 339
261 461
196 503
60 6
254 213
140 530
226 437
115 499
195 192
83 347
132 217
137 518
68 348
247 177
112 479
9 74
15 530
230 466
96 153
263 407
85 172
275 417
23 280
118 259
112 417
34 421
66 393
147 283
215 292
211 287
53 188
214 227
35 138
87 5
113 245
141 227
138 406
34 29
221 401
8 545
120 312
160 411
278 538
155 392
183 526
19 517
63 68
205 295
