117 10
56 70
12 22
259 161
148 206
9 213
113 230
176 579
218 212
94 342
170 510
157 77
78 394
99 4
56 166
84 94
253 453
47 237
101 529
166 78
139 89
247 54
21 512
10 211
268 558
101 80
236 172
265 118
286 498
165 491
204 437
59 481
61 480
102 21
196 504
45 10
250 143
52 107
72 452
41 40
180 98
223 285
36 57
173 547
127 451
202 566
183 142
115 452
180 75
257 469
26 162
254 483
141 194
249 179
193 307
68 390
110 7
129 463
85 294
156 147
258 379
187 153
163 422
235 432
256 117
63 497
198 579
47 175
217 238
93 125
38 169
267 496
233 151
172 143
126 432
275 340
268 93
149 404
119 185
158 444
266 533
206 297
24 440
95 497
235 16
226 282
63 446
270 335
221 551
145 479
270 401
35 491
22 52
260 477
251 6
102 553
285 539
44 135
66 258
187 298
124 25
93 183
151 71
171 4
247 454
159 438
76 192
199 528
87 379
136 81
93 328
286 154
43 351
52 474
229 30
134 328
65 103
48 208
