122 128
46 245
81 688
127 594
291 231
40 127
142 145
297 234
23 78
212 691
316 481
144 186
150 611
141 225
342 542
216 412
160 462
270 234
40 401
313 77
183 38
35 98
229 296
126 208
287 17
291 291
284 463
201 230
329 211
148 5
79 329
81 675
314 344
226 457
243 348
252 661
62 362
207 609
297 306
350 114
302 631
276 569
249 87
174 673
205 429
255 707
191 222
183 650
259 217
334 474
38 208
97 225
24 131
6 32
59 699
283 322
24 410
85 276
207 566
212 654
244 355
168 454
239 564
15 709
6 72
280 685
176 410
71 441
235 140
161 467
261 291
159 358
128 55
79 24
315 666
205 680
265 505
61 366
105 10
158 215
225 40
307 511
355 166
57 200
265 193
239 467
165 661
231 334
336 507
169 257
342 578
290 595
12 144
311 350
251 604
343 540
95 320
162 390
121 453
132 535
173 705
336 395
90 592
341 564
69 294
109 522
146 586
334 314
269 402
55 340
149 465
212 654
136 175
237 626
269 451
78 313
312 435
143 208
293 677
81 192
257 23
206 518
211 345
