121 11
11 483
273 459
49 392
273 278
78 587
78 93
168 531
122 298
100 229
67 195
59 403
137 482
89 476
254 60
207 359
259 541
201 387
214 313
158 137
290 406
128 177
99 192
50 443
40 546
234 442
239 271
198 222
208 290
266 16
189 310
7 556
230 510
235 46
9 342
32 584
270 142
171 455
226 578
293 331
185 80
67 84
299 194
7 597
213 189
134 29
278 178
63 191
220 86
180 230
264 245
283 29
61 226
208 78
292 355
146 106
7 81
129 427
90 135
97 601
33 418
21 437
276 118
261 517
282 147
76 543
207 525
156 501
51 91
249 598
79 338
210 260
82 87
58 560
80 317
89 24
165 214
162 366
153 410
239 163
246 72
31 481
87 556
54 174
90 234
113 249
47 583
270 505
260 416
29 184
37 109
203 71
42 428
28 106
20 398
288 504
153 148
40 406
238 233
259 491
266 430
187 77
237 24
259 27
2 343
121 490
177 280
56 66
11 277
126 128
84 161
65 603
120 474
81 294
43 257
214 385
267 424
164 405
128 209
175 336
64 496
298 505
