120 180
195 30
102 131
99 187
162 11
117 284
50 353
28 189
65 231
208 318
5 288
196 275
38 203
193 241
88 155
189 219
102 284
116 145
193 1
171 221
211 121
15 435
153 241
121 430
38 30
50 87
3 329
184 125
118 431
141 269
165 235
107 391
94 288
103 20
175 158
206 285
207 325
91 11
64 62
79 218
87 123
60 136
115 278
88 18
136 266
123 321
192 41
180 351
41 250
180 374
135 336
95 64
24 208
28 12
82 262
55 422
105 154
201 302
13 113
147 314
108 8
214 164
152 222
41 14
90 296
196 321
75 258
188 243
5 205
17 176
34 167
2 296
106 193
11 163
147 232
157 135
45 83
185 34
205 389
33 290
87 394
88 18
18 301
200 201
57 129
41 397
165 39
130 196
116 136
79 169
43 239
161 358
171 190
141 222
35 344
41 20
193 357
209 247
79 304
155 99
166 33
83 355
156 173
72 378
33 33
175 99
186 19
181 80
59 325
168 154
151 371
43 340
157 262
202 82
214 28
216 27
100 294
173 120
188 71
94 352
41 276
