119 58
74 57
32 54
106 153
104 5
86 62
82 211
105 110
19 149
71 237
71 251
64 30
10 148
108 168
1 23
56 211
27 217
42 13
111 148
118 187
8 12
117 150
57 99
62 158
8 122
73 92
36 10
88 165
77 162
1 33
120 156
43 226
75 53
66 75
100 143
84 55
24 68
52 234
120 177
103 219
48 9
40 169
19 25
112 245
113 21
71 212
81 109
90 198
48 21
67 3
104 187
90 199
91 170
24 189
58 118
33 244
92 176
3 190
9 217
54 66
63 177
79 47
105 41
51 180
110 73
6 171
94 79
61 150
30 99
41 164
22 127
85 215
12 118
23 229
38 171
126 36
50 2
64 1
107 130
39 1
83 93
98 86
30 77
108 147
60 21
83 64
99 7
4 245
41 177
76 246
108 71
110 226
70 117
24 50
99 171
97 92
9 206
34 218
2 185
71 156
14 187
101 52
100 127
125 100
58 55
5 207
104 198
108 96
44 122
38 9
117 109
69 1
42 194
107 34
51 2
18 66
2 228
10 56
92 206
48 128
