118 7
105 396
189 148
93 123
61 4
131 475
55 13
209 97
87 100
229 82
231 415
127 372
64 273
99 209
176 227
65 110
7 286
126 371
129 23
82 489
52 115
150 459
131 66
131 188
15 416
112 398
45 333
243 229
226 416
94 147
6 402
21 37
53 468
234 75
196 372
163 420
246 22
165 343
217 314
161 50
118 287
57 318
101 457
120 46
232 5
246 464
5 165
50 40
173 324
173 95
13 393
205 375
35 154
7 403
140 425
33 320
49 49
137 336
244 207
122 322
140 353
52 315
51 466
79 145
99 28
56 345
61 160
213 385
20 38
144 278
178 10
194 244
140 329
171 429
213 235
70 480
83 477
79 305
234 311
150 273
222 106
123 358
94 69
221 302
160 70
140 438
246 351
122 354
42 55
144 260
4 201
144 351
3 161
96 144
227 486
19 202
73 278
133 237
105 110
186 91
181 287
167 425
65 454
100 336
128 451
108 132
28 7
161 117
130 50
102 186
65 475
213 425
84 84
71 490
107 40
154 35
96 278
97 152
188 411
