123 245
52 121
124 203
284 452
87 356
58 383
279 70
167 329
139 325
14 63
165 208
21 364
102 229
143 143
47 467
174 633
277 553
236 598
145 197
44 650
58 485
256 479
256 454
141 113
342 31
291 680
15 279
200 412
313 452
184 94
154 109
160 670
49 557
267 20
220 675
325 402
129 407
26 584
269 403
317 166
97 108
144 493
265 384
114 638
213 206
194 50
208 122
255 174
259 413
241 638
257 194
115 382
174 211
123 414
179 310
272 315
228 98
48 409
305 97
129 176
306 649
17 540
73 280
277 387
190 533
256 370
252 162
72 271
23 389
321 58
245 142
125 209
267 473
50 319
193 415
248 126
237 230
1 430
289 520
66 88
316 431
252 390
230 89
34 433
285 595
321 49
221 526
54 278
105 6
49 407
271 122
341 259
98 279
239 509
57 124
61 217
325 62
144 562
128 59
246 68
32 442
215 574
308 160
278 336
241 437
83 564
140 307
146 521
306 147
15 484
109 622
90 324
191 509
175 487
31 419
67 597
285 385
61 278
301 409
242 663
334 545
141 680
224 542
127 590
