133 214
14 331
298 342
2 51
1 388
168 562
14 522
11 278
76 421
320 481
310 154
158 143
88 304
140 252
124 200
246 391
239 411
265 440
207 165
302 469
326 317
271 257
289 91
135 638
86 639
63 165
10 85
325 485
88 272
122 290
27 467
157 632
246 473
204 106
4 150
113 513
247 161
141 264
34 286
26 494
80 354
190 143
69 465
121 139
214 176
310 270
132 54
41 416
147 606
69 592
49 85
258 83
93 91
271 287
52 553
214 498
150 600
11 513
17 470
84 468
7 572
19 606
318 36
16 507
214 449
72 72
214 71
29 431
191 623
16 358
225 610
9 472
219 8
249 564
254 536
261 588
69 75
164 378
123 506
319 639
256 372
122 295
62 392
124 481
300 70
38 85
11 628
70 55
124 76
254 635
180 278
163 586
14 150
138 183
152 455
88 592
165 385
30 273
158 326
247 410
182 135
267 409
196 610
39 30
118 325
165 651
234 577
27 602
104 552
259 342
240 639
69 192
147 458
289 244
260 118
135 35
248 439
51 629
82 97
107 101
179 486
214 602
70 546
165 319
324 207
128 556
19 305
115 311
218 168
316 261
195 310
59 571
265 479
270 382
