126 149
161 247
173 219
70 71
121 295
208 179
2 441
151 194
199 177
158 135
65 311
198 167
91 173
58 113
63 4
69 393
45 64
62 84
151 291
40 192
34 371
123 75
13 340
154 443
129 118
210 327
120 260
50 10
104 45
187 325
99 112
130 424
124 131
93 96
213 206
149 322
182 393
153 307
218 95
96 386
93 18
70 270
199 451
58 84
173 180
71 459
194 322
205 195
106 282
143 116
202 45
65 61
31 361
49 387
57 122
205 423
137 272
112 301
52 235
105 336
116 291
128 352
106 374
174 103
40 69
91 39
94 287
182 59
111 199
164 1
47 49
132 383
203 31
90 259
172 314
129 83
104 191
25 201
127 250
172 59
169 191
76 308
5 29
88 435
204 254
185 244
132 407
50 345
215 214
93 111
53 279
25 230
124 431
95 139
132 179
221 131
194 256
160 226
126 263
229 103
216 61
216 437
145 128
65 274
217 323
169 108
27 304
91 296
49 138
52 368
213 128
47 323
7 327
11 197
154 229
208 390
49 406
50 8
30 85
187 212
220 77
184 441
51 314
137 141
151 397
55 440
200 327
