127 161
113 149
254 7
245 370
92 255
79 268
192 413
256 203
244 291
137 137
12 151
19 501
30 419
35 297
180 366
100 198
40 3
61 33
174 130
138 455
76 33
123 203
72 285
253 263
217 413
161 215
71 205
134 378
176 396
52 329
89 39
28 288
47 422
55 275
216 148
121 394
174 135
135 184
187 105
42 407
139 215
180 480
127 173
62 55
56 34
56 112
63 332
92 297
47 161
179 429
25 15
171 369
246 104
162 238
80 18
255 422
246 284
118 250
214 492
177 84
94 84
191 474
179 343
132 400
14 159
38 140
191 380
46 351
122 394
103 339
185 471
136 357
69 512
6 355
220 417
38 505
82 431
136 159
160 5
230 375
197 4
67 320
28 352
65 440
144 260
126 103
68 260
207 215
93 168
149 425
188 145
153 347
145 435
182 11
119 4
202 495
255 273
90 16
211 41
46 22
70 17
74 363
125 358
205 339
123 380
41 459
9 357
137 264
73 22
66 202
78 435
244 226
223 437
185 52
113 502
118 394
224 17
86 294
173 35
117 174
67 502
156 24
199 195
189 346
68 461
9 468
242 418
101 285
