124 169
298 612
57 609
235 350
275 628
230 595
232 247
249 148
325 614
150 517
210 131
242 37
168 542
120 651
20 84
275 618
145 92
6 426
153 269
114 514
320 418
172 468
21 639
81 122
294 544
160 350
126 194
48 438
44 212
145 252
52 210
290 418
133 162
230 361
169 62
175 326
20 235
46 287
168 9
40 311
44 665
248 636
110 113
65 535
101 529
74 268
313 171
161 156
183 89
58 426
6 657
302 412
246 674
163 506
339 399
179 397
264 82
61 665
91 309
271 122
342 583
232 174
327 85
303 597
328 606
81 378
182 548
37 388
75 111
152 168
255 17
191 13
115 54
182 195
324 125
221 320
253 474
80 643
64 346
105 38
92 496
279 635
20 573
50 494
283 467
318 423
143 147
263 201
18 572
6 668
61 340
27 296
320 273
339 119
29 477
102 336
238 9
57 74
55 10
43 338
289 232
117 258
29 522
75 256
109 635
20 490
96 296
98 263
208 93
143 30
69 640
258 616
128 528
151 250
110 489
187 113
63 251
208 424
293 26
266 259
178 673
192 216
333 55
298 579
291 121
