131 50
54 299
64 203
24 144
211 219
98 591
39 154
119 468
63 230
212 78
216 287
225 547
186 424
33 188
290 203
60 216
233 193
246 469
225 40
86 390
266 376
150 310
237 525
45 253
104 450
258 212
254 547
139 368
42 293
104 142
269 258
154 355
145 213
5 299
163 161
36 140
255 217
280 235
231 310
265 133
204 546
221 440
33 366
135 467
99 69
274 191
145 423
239 525
146 449
221 111
42 519
232 330
118 254
261 29
277 289
13 116
215 201
160 503
84 325
103 243
13 352
14 550
140 70
143 61
220 225
130 556
76 369
55 488
154 162
243 298
27 250
167 370
17 329
137 511
173 219
277 93
236 423
225 482
209 253
160 89
263 241
76 217
191 407
267 264
227 255
253 36
162 118
206 278
242 140
33 384
223 190
216 590
162 571
141 199
177 254
259 519
251 482
47 37
46 296
165 123
202 291
47 164
177 190
142 300
260 102
36 67
184 330
246 235
204 13
15 493
142 397
68 69
274 177
242 369
64 217
233 243
159 330
11 283
114 375
65 424
50 414
215 464
71 422
136 22
293 499
272 523
213 261
57 264
189 284
79 210
255 160
283 582
