128 164
288 217
163 492
47 128
227 238
182 612
25 25
279 618
110 104
179 346
31 529
278 554
83 238
216 422
80 452
44 300
55 159
240 284
222 107
236 572
116 325
71 204
230 160
197 113
57 16
308 378
80 607
75 620
62 561
138 386
84 30
234 266
39 229
188 61
26 24
80 546
84 54
236 527
140 278
86 236
22 274
317 427
111 70
197 121
73 602
97 128
303 50
26 236
181 345
27 154
22 471
222 165
304 246
127 607
51 184
34 159
288 489
305 308
217 475
118 68
70 434
182 485
147 461
305 259
123 84
39 44
261 248
267 99
119 275
160 369
257 511
274 31
246 461
182 63
31 599
158 237
64 582
38 391
241 85
91 464
247 439
148 372
146 31
175 608
48 516
310 509
194 277
252 378
314 590
165 219
111 548
71 328
221 382
219 327
279 20
178 202
51 310
74 413
129 6
135 389
164 324
112 424
300 436
182 616
185 3
175 470
117 111
19 515
93 540
80 450
19 484
172 260
201 373
127 359
164 570
118 100
258 272
244 100
2 609
273 103
120 404
76 584
83 66
125 452
221 181
296 430
260 508
121 536
214 583
