132 11
127 252
122 84
2 196
118 149
73 217
91 120
90 159
106 130
112 196
51 99
126 8
47 43
96 268
111 107
130 253
138 287
126 16
15 85
26 107
22 21
62 270
59 156
108 282
41 53
49 85
37 93
5 194
132 18
14 283
131 97
111 110
127 234
129 225
103 153
52 236
63 190
36 216
14 157
26 20
62 271
6 57
114 155
29 39
16 250
61 87
114 28
31 217
56 116
78 109
29 179
48 282
22 152
133 30
81 267
14 261
22 132
138 174
34 178
90 130
12 181
50 158
60 108
30 201
48 269
46 117
75 66
63 230
88 192
98 114
111 44
117 219
29 108
137 118
75 178
30 237
37 190
139 189
126 100
71 111
93 48
129 74
107 130
68 234
26 239
18 7
142 17
98 143
118 127
113 185
61 2
125 265
51 284
99 186
99 118
13 182
79 149
109 140
55 156
85 152
114 128
16 186
101 109
112 39
55 36
74 132
40 202
10 254
91 81
89 175
60 273
137 265
61 272
40 109
121 148
127 206
27 252
119 207
110 260
143 148
47 168
7 186
112 12
58 36
20 152
100 181
49 179
11 78
132 116
115 120
141 126
87 129
8 170
