125 21
1 27
82 460
8 645
299 199
309 655
104 527
125 33
283 675
130 30
165 315
148 292
307 465
161 193
158 234
133 16
218 77
302 70
51 242
186 97
165 313
12 154
213 511
269 163
151 205
255 202
204 613
247 572
242 313
160 641
135 413
261 47
284 412
154 510
246 507
74 241
300 163
273 575
9 487
268 573
110 657
54 527
261 581
149 660
279 124
219 303
288 687
127 155
90 509
117 265
62 218
217 16
131 398
281 55
173 18
314 626
267 60
119 172
307 276
268 242
91 440
239 267
203 13
133 245
289 464
335 311
250 46
86 31
95 656
119 567
273 655
137 310
96 316
30 245
328 466
78 534
70 212
26 671
196 497
251 579
195 179
128 584
133 212
90 634
260 432
232 502
140 67
51 145
256 641
227 599
99 389
85 498
261 263
95 583
37 487
153 332
316 50
21 464
220 242
339 369
259 481
236 414
331 517
5 599
148 80
52 585
299 251
53 175
90 28
162 469
78 376
272 469
280 405
263 287
281 123
288 506
155 431
243 438
293 11
142 549
9 552
222 178
324 563
21 139
280 526
107 79
