129 55
75 76
45 7
67 22
95 197
67 156
99 62
90 57
1 63
87 139
47 212
86 147
43 48
89 93
97 184
48 187
24 160
42 140
25 179
8 70
48 131
93 127
42 105
73 44
18 141
42 147
38 197
24 93
47 38
7 95
104 168
71 67
79 22
46 85
30 136
29 31
84 154
21 123
38 182
105 191
49 195
26 169
2 193
4 75
67 35
27 158
56 190
80 54
33 120
81 188
74 120
43 113
102 184
72 154
95 105
10 198
42 6
80 199
75 120
93 154
60 151
65 197
51 40
3 143
14 69
84 14
57 101
45 51
82 72
12 98
37 178
55 28
44 196
94 103
64 84
69 110
73 68
23 168
39 118
3 164
42 178
74 103
16 78
54 176
52 163
64 127
35 4
54 63
4 30
64 52
41 173
77 203
30 200
35 108
47 11
90 100
6 22
73 172
21 118
56 101
64 141
30 192
41 3
106 64
33 94
2 121
73 71
37 31
25 192
67 116
81 70
80 14
8 52
19 39
68 127
16 84
62 123
36 120
39 100
9 12
8 20
25 146
51 137
53 91
100 165
49 172
9 183
29 70
25 170
55 49
