130 305
83 35
205 546
255 598
52 78
21 355
258 548
5 266
8 115
43 528
319 591
279 462
126 329
148 439
90 16
189 406
224 77
129 63
138 383
257 22
151 553
106 596
246 401
16 8
311 532
265 169
224 288
166 359
222 188
6 446
275 323
308 286
61 394
131 213
255 598
157 314
302 20
176 167
4 57
203 237
300 497
21 29
49 131
184 49
310 454
99 316
22 102
20 389
28 152
305 494
234 201
316 134
97 328
196 494
72 395
184 193
178 271
14 546
171 635
58 544
242 520
318 637
300 333
133 606
30 396
220 9
125 385
290 255
8 330
230 302
290 130
208 242
264 527
198 259
48 133
318 584
305 385
66 629
272 449
98 391
295 414
10 276
175 344
305 306
192 628
46 212
123 607
272 634
209 540
77 452
165 559
131 152
227 380
180 240
105 161
298 621
312 250
240 476
54 424
10 509
244 555
171 525
258 19
268 5
106 512
257 623
158 446
29 267
144 225
79 593
90 1
139 494
135 433
304 336
112 229
157 630
107 472
49 534
136 132
69 155
220 187
242 389
242 274
179 388
82 621
106 37
140 402
288 350
203 192
19 112
116 424
