136 122
143 232
126 126
94 88
3 15
38 257
152 289
124 257
145 254
81 156
12 195
126 101
13 211
120 254
88 134
37 304
3 202
56 7
151 61
146 149
27 206
95 186
101 174
151 123
25 213
97 218
140 265
82 207
75 293
26 215
79 60
82 271
122 271
139 221
127 156
133 108
60 204
27 255
127 20
36 65
137 239
117 216
147 90
11 297
139 29
45 35
25 151
92 178
43 101
59 89
108 24
147 260
8 44
34 161
62 76
41 99
120 168
63 124
135 5
85 122
133 230
73 125
56 97
35 39
22 72
126 15
137 45
108 158
147 260
130 153
121 292
38 15
32 113
97 81
141 34
69 130
8 5
48 235
89 255
55 225
27 157
137 179
66 66
53 12
77 104
101 138
19 137
80 21
40 44
101 73
15 146
97 168
118 207
80 67
51 41
8 29
110 52
117 35
37 199
137 165
92 280
35 225
4 95
71 83
73 118
72 153
144 250
43 5
120 292
139 285
4 198
136 191
46 29
112 73
1 169
116 289
152 156
28 213
113 19
24 94
11 176
63 224
35 82
44 19
90 75
74 37
71 147
53 28
35 140
28 198
57 97
103 168
142 194
83 169
57 127
29 108
86 304
