143 170
108 320
219 499
87 268
237 379
144 155
73 91
209 444
222 277
38 403
156 485
36 447
73 348
224 129
214 431
159 210
18 377
200 93
200 461
73 20
93 185
102 202
212 205
229 14
201 484
121 385
170 337
20 2
178 45
147 198
79 357
42 185
220 346
77 50
2 441
144 405
248 108
83 243
90 471
113 228
252 494
239 67
238 55
55 149
199 65
235 441
177 13
56 200
195 449
117 203
157 255
160 205
108 174
64 281
167 289
84 366
232 129
225 149
100 486
20 97
147 180
78 346
118 387
199 197
40 324
148 140
207 480
64 358
181 169
96 479
172 285
167 120
137 314
230 119
82 28
16 335
220 69
61 312
179 251
103 183
123 434
237 401
33 108
57 446
179 305
6 348
246 237
180 301
106 378
218 345
179 346
146 13
60 29
56 82
58 210
95 345
144 418
1 287
225 354
37 336
98 391
142 314
46 158
135 451
218 445
109 42
67 193
22 294
100 204
235 484
62 497
167 71
43 430
251 210
184 345
102 476
17 63
156 180
187 407
90 298
185 93
15 132
195 423
156 366
239 212
178 110
209 218
190 81
32 484
121 473
34 108
205 145
182 99
129 189
146 405
249 298
220 464
218 392
33 124
131 40
122 270
235 410
17 376
49 297
