137 145
298 221
96 389
47 480
91 75
34 312
30 129
289 513
141 360
18 50
288 124
57 27
147 54
47 259
182 468
137 550
25 116
159 378
270 334
204 493
301 491
153 487
1 83
143 460
165 103
260 415
119 81
157 388
9 244
102 286
248 494
124 295
286 166
194 63
6 111
100 463
108 197
59 326
179 327
23 193
117 600
274 5
260 602
298 150
196 410
180 592
49 10
94 70
272 437
214 154
158 2
304 198
298 375
201 141
139 351
75 597
145 69
72 223
11 90
195 132
150 381
265 467
95 399
118 176
261 547
2 362
162 532
159 295
84 368
18 170
279 546
286 572
154 285
279 451
197 609
115 273
178 532
130 545
4 409
264 119
172 536
293 373
22 21
221 602
52 409
183 237
94 547
78 521
74 24
260 442
182 105
104 487
87 221
200 529
47 366
103 473
48 273
22 333
268 33
263 137
182 495
207 74
227 105
80 426
131 288
150 417
188 313
79 438
40 350
84 117
66 270
80 361
13 136
190 3
64 295
191 119
269 62
30 269
164 207
175 280
89 36
199 238
46 244
35 77
188 297
72 185
26 558
221 3
99 112
52 392
117 387
54 237
89 406
212 392
103 192
249 596
187 108
168 148
