135 208
98 377
148 184
254 181
13 223
11 317
112 524
93 41
131 108
75 442
150 478
136 227
35 477
7 207
108 401
113 299
87 424
92 459
185 3
248 280
252 276
142 143
119 363
137 97
254 158
237 234
247 131
219 493
127 469
237 149
32 499
61 69
235 391
102 34
39 15
201 49
183 233
103 147
253 382
33 197
158 9
43 113
97 421
39 499
93 47
48 365
141 436
50 309
77 365
222 144
34 515
184 289
228 484
15 264
79 351
85 447
48 208
50 29
208 71
91 406
259 484
253 11
112 330
147 106
206 16
123 209
79 81
59 447
172 441
240 313
33 338
127 203
120 423
13 385
143 432
38 153
7 507
124 98
254 141
33 108
39 190
139 416
10 371
133 457
193 175
10 187
14 268
248 163
55 319
45 246
224 425
59 477
145 490
169 451
83 403
190 348
46 140
230 132
114 297
77 454
206 209
147 292
53 513
68 440
100 178
61 477
27 145
64 433
218 295
70 181
167 167
104 285
112 514
211 293
56 307
220 231
51 235
26 328
218 225
94 70
28 318
157 109
261 20
109 145
72 338
213 435
193 145
238 352
230 428
251 393
211 460
215 518
241 469
102 226
238 489
4 246
