139 249
3 402
191 478
30 116
65 214
267 211
233 131
141 545
281 316
13 8
150 248
92 117
264 520
52 366
102 62
8 498
102 195
236 19
74 25
97 367
205 183
256 201
280 575
88 76
166 472
132 429
174 491
4 237
262 112
87 453
70 341
29 43
192 337
9 349
180 354
196 549
168 440
235 331
289 357
54 410
52 131
87 568
128 17
58 17
276 435
17 271
251 494
35 538
166 173
218 240
106 325
209 127
3 102
111 390
68 342
19 18
23 272
162 208
248 128
176 555
24 511
13 291
190 292
282 551
73 117
17 345
141 39
31 406
138 1
271 361
223 327
227 495
53 268
56 64
26 296
264 8
60 166
9 114
53 211
151 317
27 31
270 158
159 232
65 280
241 161
97 181
60 230
48 328
118 34
94 227
213 243
126 374
147 503
9 199
52 331
25 576
71 80
204 395
201 244
265 9
164 552
276 214
100 560
25 431
253 187
62 374
173 413
144 141
268 421
273 421
181 103
171 26
179 129
221 315
120 475
285 238
160 97
106 391
42 96
263 96
79 45
207 134
249 349
222 181
284 369
204 236
158 371
226 367
278 84
100 77
177 175
112 421
90 462
135 208
249 531
260 121
180 340
282 308
184 408
122 126
