140 108
63 233
99 368
77 74
147 12
101 336
161 140
137 8
198 168
105 89
64 400
206 75
49 287
89 396
206 221
15 302
180 173
7 186
46 112
36 80
39 37
155 155
103 178
201 260
16 59
156 148
37 290
83 40
47 133
98 226
150 98
18 144
139 361
83 289
175 129
148 171
26 332
121 320
59 341
83 254
132 20
169 250
142 194
160 301
206 38
110 110
157 328
51 261
169 177
40 164
8 207
128 271
68 206
86 124
121 177
77 356
173 105
205 233
153 232
78 327
126 16
93 255
20 63
33 268
21 399
125 251
141 241
103 92
11 45
188 51
111 70
40 310
85 296
187 4
2 70
160 177
159 268
106 177
136 100
141 106
84 123
12 210
115 280
173 290
70 57
136 9
184 95
31 116
152 270
200 270
46 193
58 222
156 393
170 28
104 202
179 332
199 136
126 267
6 154
121 311
128 353
64 376
16 54
182 195
115 341
61 367
43 198
183 413
35 50
197 323
130 212
84 200
24 161
7 281
107 192
79 194
141 60
194 344
121 273
102 342
34 235
154 101
102 229
180 190
18 131
192 363
175 86
23 67
164 300
119 114
16 203
41 24
174 79
108 365
149 341
68 166
130 409
32 285
108 234
143 367
199 169
