141 48
12 259
28 18
133 339
101 203
97 325
151 205
114 36
63 7
125 315
149 315
3 95
51 175
146 86
90 238
129 207
166 204
126 143
73 116
117 117
78 123
80 314
61 51
28 235
63 99
103 301
143 216
155 64
74 221
16 178
155 32
129 285
119 34
18 242
1 40
65 149
70 339
3 200
155 123
122 263
109 307
159 173
162 157
135 103
130 9
119 209
149 211
20 96
47 210
13 266
99 156
105 311
17 14
6 249
127 61
109 120
16 323
41 256
65 311
167 104
105 139
74 243
12 212
1 140
126 197
4 226
50 37
94 16
71 171
148 116
17 317
161 165
166 167
128 290
124 113
110 201
142 304
32 197
10 89
62 190
87 125
62 48
40 273
121 180
110 2
127 219
38 14
30 190
66 282
75 62
87 226
113 294
120 231
124 253
63 65
27 188
162 211
39 13
80 6
33 107
97 268
21 291
151 277
61 265
78 219
92 3
52 67
83 78
84 25
48 287
114 241
31 160
80 61
22 243
108 130
52 334
30 165
119 212
127 169
125 207
76 173
128 167
137 37
67 235
90 9
119 278
21 138
80 305
146 124
34 164
18 118
6 183
21 78
53 88
89 200
86 95
31 163
121 63
23 293
54 123
113 171
63 339
