134 154
186 132
113 83
287 314
296 257
15 45
104 282
107 116
176 405
263 206
166 327
155 451
175 53
264 244
191 12
196 39
30 498
279 304
162 426
34 303
94 241
236 537
14 194
17 20
212 561
271 394
94 271
65 468
304 165
154 99
116 214
15 328
35 208
102 113
260 203
292 550
123 365
94 548
259 439
274 171
215 371
25 176
68 84
205 230
298 400
15 85
251 509
284 160
35 465
54 150
162 436
120 610
150 410
22 110
125 120
56 523
100 220
179 65
65 378
174 413
111 326
161 376
221 569
182 377
182 571
125 264
196 365
121 438
177 265
37 186
173 488
44 22
140 341
198 153
40 212
254 98
279 532
87 596
87 607
273 490
160 413
50 410
159 388
1 73
143 38
141 452
7 340
264 311
209 593
281 163
197 35
231 514
19 279
14 330
199 326
278 168
284 298
52 339
18 20
21 428
56 490
207 421
151 18
53 31
103 610
70 176
217 329
190 530
32 250
205 60
91 72
82 216
212 581
208 595
163 212
128 497
62 527
29 168
103 453
254 366
222 481
69 48
131 399
267 269
180 439
141 523
20 411
200 37
201 158
276 553
65 213
100 146
29 35
139 31
273 155
