138 93
79 118
92 73
54 52
93 190
92 206
98 53
72 138
64 106
66 10
11 43
47 140
53 136
101 81
67 126
79 208
106 179
110 181
16 150
30 186
74 26
53 131
104 147
15 30
106 165
105 41
80 42
14 170
35 50
50 173
98 140
99 17
59 184
82 58
44 153
50 225
1 217
32 36
79 114
103 108
59 102
95 19
99 133
59 55
1 82
6 90
9 144
27 34
80 12
98 9
11 211
69 6
76 190
31 132
53 61
98 146
11 147
60 137
11 21
83 216
67 85
28 77
16 2
104 33
52 176
90 196
94 204
21 52
57 218
53 180
41 98
76 179
38 211
8 173
105 9
109 9
70 5
83 15
89 139
108 92
86 6
35 123
57 217
12 10
63 18
25 68
89 88
7 131
25 61
103 183
111 67
69 193
31 194
91 143
33 74
81 174
79 155
28 214
110 136
68 25
35 31
52 131
105 143
18 158
88 110
51 179
87 12
111 86
37 44
14 186
17 128
90 87
109 144
42 106
58 105
53 3
17 69
78 219
58 74
82 93
68 16
32 184
42 180
1 218
72 29
31 202
49 140
23 181
23 228
50 187
104 131
49 213
100 148
112 230
56 221
68 33
47 223
21 17
91 162
