142 101
6 403
69 319
73 17
13 137
56 15
157 395
189 266
232 453
28 240
89 93
193 374
120 212
74 245
222 272
155 361
207 196
232 36
144 441
227 140
146 435
134 392
17 420
208 307
152 207
171 259
182 393
139 144
137 161
201 196
58 315
18 397
25 402
187 91
56 301
80 394
72 333
228 52
42 409
63 157
165 9
90 197
212 118
170 248
209 271
172 334
45 143
121 449
70 8
34 105
135 269
3 106
133 300
15 351
173 181
221 400
111 6
190 216
44 241
23 244
108 191
102 451
232 44
130 449
40 142
23 226
18 110
98 269
49 272
40 332
107 160
181 52
53 114
120 404
40 434
118 42
31 222
157 91
160 372
101 321
14 394
161 193
109 267
212 207
186 182
120 338
2 316
158 313
224 403
87 275
128 112
11 442
196 155
22 85
157 227
209 364
48 366
27 31
168 251
154 417
4 161
161 220
228 102
83 433
68 138
16 27
88 350
198 280
95 36
58 426
147 200
218 295
3 221
150 277
85 207
195 135
88 106
158 92
64 107
64 1
25 325
41 326
169 411
211 183
94 307
88 406
112 160
148 62
22 398
189 98
88 165
86 48
194 175
70 361
72 357
217 181
140 213
7 238
113 424
206 411
159 255
13 280
149 442
