149 13
75 1
69 88
108 130
28 147
10 51
78 54
113 31
45 151
106 33
100 207
51 52
23 91
52 15
73 11
29 3
69 100
13 209
9 56
46 112
72 184
86 195
9 100
15 168
110 124
89 193
57 126
25 6
60 204
9 159
50 190
111 136
49 1
66 25
26 23
72 156
38 174
114 117
54 121
38 37
105 108
60 22
27 205
54 216
93 6
64 102
1 170
18 115
55 34
22 5
12 32
46 30
86 111
97 161
56 176
31 45
97 60
18 211
84 68
67 11
43 48
29 150
51 223
19 111
98 166
114 223
11 195
58 120
88 94
33 27
35 118
82 143
75 203
101 73
33 24
32 126
59 189
6 63
3 75
17 143
62 91
23 67
97 169
93 90
79 188
90 95
76 222
18 23
72 75
50 151
109 103
60 142
62 234
42 48
108 115
80 174
104 65
31 51
2 114
29 89
13 143
100 173
55 149
26 155
6 112
62 175
13 115
65 70
60 84
106 98
104 126
6 201
22 62
95 18
50 178
35 47
53 8
69 134
23 226
30 112
97 222
83 94
5 60
53 94
44 228
84 85
50 34
70 21
4 135
71 100
96 98
48 116
59 209
95 109
35 84
58 81
70 212
32 16
18 13
24 101
38 173
20 101
43 149
21 124
52 192
68 184
86 8
112 47
10 211
8 193
