152 287
340 436
406 636
187 664
373 504
66 247
111 457
270 267
133 541
37 764
359 103
111 429
227 683
235 207
36 818
317 157
92 205
413 683
36 60
254 770
219 558
91 111
217 108
309 17
405 308
239 708
84 698
127 802
323 114
35 797
126 486
250 365
256 293
87 397
173 5
278 74
147 783
146 309
7 272
43 722
49 723
104 803
400 234
346 630
239 744
287 488
353 377
209 264
40 656
312 314
280 77
143 32
257 16
187 710
380 66
265 74
402 385
350 35
254 718
319 119
52 652
52 200
40 225
110 343
326 472
88 759
412 820
248 311
276 99
135 48
392 676
22 692
399 781
82 147
32 553
325 57
373 675
211 753
151 476
383 524
345 634
309 821
147 673
268 478
56 134
24 626
290 625
48 798
57 323
277 120
391 28
210 258
217 546
370 598
320 564
310 123
309 215
241 543
242 219
50 427
293 92
395 666
119 67
334 139
333 526
85 245
341 402
268 233
16 604
407 353
207 583
368 827
306 797
403 252
108 612
385 306
90 263
196 652
245 696
136 385
303 724
391 492
184 654
354 5
146 785
144 83
344 797
382 744
257 332
177 770
220 538
319 606
174 367
247 130
414 496
386 561
247 682
80 484
72 387
263 561
224 757
295 19
362 380
125 544
44 401
212 334
63 596
174 411
359 785
60 661
15 219
257 631
95 471
