147 6
81 98
43 159
54 77
68 129
4 175
68 49
72 192
70 204
40 12
108 72
27 13
21 160
90 10
41 48
97 196
25 38
48 136
59 214
109 117
3 8
90 73
65 174
111 211
77 59
16 9
58 196
88 26
87 193
82 175
67 85
52 214
57 33
57 182
54 213
48 66
81 59
77 166
105 46
75 161
2 178
79 210
76 198
7 25
3 169
4 61
6 179
67 4
21 213
44 47
57 33
107 45
18 152
82 174
87 75
88 187
34 156
22 61
70 46
102 26
107 120
36 1
65 17
81 218
52 173
100 214
3 125
86 149
1 38
65 191
74 118
17 9
56 95
47 32
8 38
97 65
62 26
3 29
102 204
69 200
19 30
60 117
61 219
4 64
55 144
76 5
44 15
90 59
14 112
44 125
42 30
55 192
46 137
90 204
61 17
97 133
18 185
89 17
49 135
15 63
55 9
7 89
107 154
78 96
73 128
43 105
109 210
39 155
103 208
65 134
58 52
34 105
45 210
38 139
93 203
83 26
49 84
98 151
41 27
51 36
77 70
37 62
12 41
27 159
36 111
23 72
26 93
4 78
7 123
10 9
110 119
94 28
87 155
48 61
102 158
53 44
88 129
81 106
13 200
46 4
65 207
75 221
63 89
107 49
87 63
8 139
31 202
89 95
