145 68
169 76
182 78
252 102
139 39
79 518
1 292
241 49
71 282
173 14
105 117
142 503
199 533
63 2
261 132
68 546
185 508
92 208
65 548
208 367
252 218
184 326
261 517
123 462
156 549
96 265
68 515
178 505
264 145
243 489
109 15
107 442
178 175
175 512
59 508
166 273
270 232
77 118
132 509
251 331
145 63
76 137
9 177
168 234
152 297
35 427
127 47
223 156
81 551
277 369
1 527
74 510
22 341
283 429
145 216
62 76
36 65
136 561
49 234
103 141
32 101
77 94
31 301
221 387
218 153
61 403
79 193
151 44
65 10
183 47
260 231
175 285
265 416
182 351
205 520
171 79
285 568
100 101
81 385
165 333
183 316
21 352
98 503
21 473
264 98
207 74
120 449
198 532
242 412
248 115
195 546
277 527
103 82
278 85
261 418
149 391
215 99
129 289
85 326
58 559
107 415
150 190
204 401
208 470
120 346
232 415
100 260
65 382
258 218
68 283
68 267
148 162
275 279
183 38
51 464
8 40
242 56
58 48
82 40
102 269
124 479
11 557
257 350
143 156
211 10
7 268
251 76
214 527
144 200
34 274
107 544
233 82
103 201
252 550
261 77
88 60
97 375
249 527
75 32
233 278
153 84
37 156
149 240
280 36
230 26
84 397
