146 91
116 216
83 43
46 220
80 22
127 132
59 123
77 155
107 66
54 101
14 145
88 30
75 62
127 174
75 6
47 54
52 146
79 139
79 54
100 117
116 198
69 3
101 204
99 89
83 202
32 219
29 228
69 31
45 12
4 70
131 191
16 262
65 110
107 98
26 122
121 28
89 136
129 186
90 192
72 154
111 18
76 227
124 77
137 22
77 148
30 226
70 161
70 240
23 276
8 133
134 242
105 44
124 39
7 256
81 176
71 98
78 50
78 39
133 108
1 155
25 97
8 148
133 10
107 10
109 82
65 239
42 6
7 243
117 55
87 134
63 15
60 269
62 207
20 89
39 223
9 138
48 25
126 136
31 252
60 21
14 142
95 266
40 271
74 279
99 270
130 95
89 278
90 132
71 237
46 7
77 205
117 47
115 57
26 202
30 24
111 128
114 219
90 17
15 21
110 133
89 113
91 157
97 179
127 74
30 96
1 26
30 120
139 249
73 192
63 65
38 139
75 58
117 219
20 41
104 56
73 118
111 71
92 148
94 215
56 209
133 218
91 127
138 186
124 246
111 187
46 254
76 193
2 19
33 76
44 241
28 14
16 147
135 126
138 231
14 235
21 9
26 57
134 113
124 97
34 254
8 258
59 59
69 132
31 44
3 1
6 202
3 71
