150 198
354 108
224 552
196 71
283 403
56 73
328 36
291 691
270 38
220 245
132 193
221 102
64 48
241 658
204 452
185 472
154 207
19 650
283 55
180 469
131 200
106 161
100 158
276 396
104 328
50 233
41 686
73 109
277 710
66 209
196 723
220 162
265 571
106 152
83 534
335 582
305 8
286 531
352 360
301 603
166 202
69 2
134 69
293 545
354 37
256 453
232 58
102 26
244 378
297 698
313 194
148 637
72 346
191 589
35 517
27 571
348 403
233 240
127 558
18 259
239 158
48 539
74 723
326 587
301 633
87 393
151 387
191 531
237 349
339 95
71 687
248 705
341 605
135 691
51 434
283 151
159 574
355 237
143 79
350 184
213 306
31 223
162 134
270 522
197 724
282 477
322 479
303 269
93 553
288 155
124 49
38 471
200 447
19 300
158 85
170 546
333 243
277 618
249 201
198 259
278 286
65 685
160 654
235 630
55 66
37 512
216 488
349 646
317 67
332 607
167 250
72 367
74 120
44 36
133 514
213 251
74 293
329 635
66 405
238 699
125 566
327 2
87 343
55 34
64 615
213 240
185 103
27 673
324 287
291 674
345 366
94 28
74 24
69 211
140 429
174 110
160 157
344 519
235 592
156 681
258 376
198 347
128 316
190 205
60 102
122 566
65 434
10 543
294 545
20 189
84 244
