148 116
90 129
79 345
98 181
143 183
63 41
145 330
131 238
139 143
80 22
35 282
103 198
41 18
24 279
51 98
27 168
139 63
49 336
158 314
94 238
136 80
52 143
89 121
56 290
59 5
106 138
22 111
115 79
150 349
59 82
75 145
105 130
83 148
53 185
15 332
159 295
73 100
79 335
12 334
121 42
114 237
6 24
84 93
81 344
49 44
74 77
153 3
76 42
21 294
2 63
11 299
104 293
62 74
141 178
45 320
51 141
63 12
62 5
94 318
140 212
42 37
137 268
36 235
134 55
102 125
68 3
171 352
70 230
86 30
135 93
99 117
31 175
31 225
48 112
110 332
173 267
40 328
169 48
74 16
5 138
88 319
32 183
59 58
106 61
43 307
22 253
112 328
169 340
166 195
130 32
130 86
66 152
86 3
149 298
65 245
71 335
3 282
58 284
98 30
57 145
156 59
164 299
42 298
63 12
104 238
151 249
79 340
129 44
3 147
92 52
109 313
83 61
4 277
113 324
9 72
12 60
1 297
72 83
62 156
57 218
25 274
150 247
7 72
137 221
153 15
143 31
150 164
68 257
86 325
83 270
56 295
115 72
157 172
29 138
68 267
173 203
141 166
41 36
137 347
175 145
116 166
155 129
113 12
79 152
154 155
72 225
56 24
119 81
139 138
