151 353
141 548
164 299
169 107
271 540
98 224
27 562
231 168
217 739
294 537
124 347
155 674
356 632
327 437
134 203
352 361
50 94
130 590
350 399
95 253
178 235
332 30
10 63
188 155
84 51
221 715
268 465
191 680
300 427
76 684
140 91
321 442
297 697
98 141
166 28
23 161
3 415
291 484
121 685
301 360
36 21
343 332
370 290
345 581
17 35
16 140
142 43
280 273
95 280
74 741
286 235
320 132
54 484
155 681
177 121
228 563
115 727
88 245
240 706
263 181
274 135
336 363
368 340
285 68
78 595
43 206
107 177
44 294
144 26
17 310
340 89
4 576
194 527
166 545
33 496
251 271
264 496
140 688
149 722
256 223
55 126
235 40
171 364
96 27
8 308
307 342
66 443
278 98
37 7
85 353
236 375
185 344
256 588
9 524
88 348
323 709
353 33
203 553
222 697
17 72
17 217
98 341
292 502
160 2
81 4
368 628
187 233
186 463
357 519
317 172
58 426
22 83
210 112
319 496
340 720
282 600
82 471
22 135
293 551
341 179
48 136
219 354
138 145
324 580
46 701
292 511
327 267
228 719
49 527
31 33
205 229
199 487
50 556
298 440
308 119
284 183
138 152
263 542
273 620
145 299
126 594
32 88
203 490
159 183
8 503
78 681
242 365
122 462
35 180
230 633
141 3
233 212
