144 149
58 179
92 127
152 107
40 29
25 200
111 191
87 232
55 137
105 64
46 285
35 48
46 387
76 248
83 192
4 377
180 91
12 171
71 154
68 50
16 178
71 100
57 309
149 97
136 190
104 217
174 223
111 83
133 117
132 165
107 68
135 136
161 401
141 48
40 37
118 142
138 66
95 240
176 167
7 214
142 113
128 158
40 168
15 49
7 178
101 398
63 381
61 63
110 87
24 19
77 25
72 27
51 150
52 384
194 230
57 121
50 335
21 311
122 244
131 132
11 169
96 378
154 393
78 106
128 209
194 237
163 297
125 68
116 280
91 258
78 364
189 283
97 113
143 162
2 291
205 162
127 359
45 61
19 369
132 313
127 404
90 134
152 101
104 109
82 371
204 12
99 326
142 131
12 63
47 217
207 50
208 7
27 135
75 166
188 279
59 217
116 76
100 217
138 45
129 385
95 185
134 399
160 224
80 117
118 381
33 160
116 344
42 399
47 235
1 381
94 223
199 202
64 27
200 103
134 178
189 409
190 389
51 382
105 355
94 388
182 70
37 214
22 391
134 153
8 10
47 49
101 267
82 330
99 365
53 240
149 193
67 81
98 215
176 79
142 343
129 74
94 300
12 184
20 399
194 389
140 394
154 359
68 20
205 284
172 109
