153 163
45 20
137 86
25 96
125 84
18 23
154 56
78 121
77 333
84 257
186 34
146 79
172 142
120 113
187 49
76 112
57 269
133 341
26 109
108 92
30 226
85 146
159 366
17 279
46 315
70 41
123 324
86 32
64 92
141 373
117 142
14 374
146 257
25 310
153 110
63 200
25 24
100 232
55 5
180 242
160 223
55 189
14 295
167 113
63 332
171 192
23 188
183 249
163 212
83 246
28 325
121 210
88 273
53 72
25 347
177 178
33 244
110 21
150 45
14 236
26 84
67 59
3 249
178 369
124 178
95 206
179 53
143 82
68 87
127 69
63 196
158 290
187 191
10 332
66 30
67 235
36 167
157 231
43 276
104 317
118 17
113 275
8 347
124 49
72 325
106 51
137 90
59 295
133 75
104 292
103 111
96 209
163 133
102 277
75 176
117 202
155 139
108 301
78 76
169 25
129 216
113 186
35 230
83 64
2 108
74 297
142 169
49 182
88 135
14 93
96 134
15 281
19 89
40 253
166 206
45 113
166 10
79 201
183 128
138 309
103 345
24 21
114 178
71 133
73 85
58 345
111 2
37 251
95 181
169 271
60 232
108 209
145 100
5 31
74 176
7 304
36 305
173 178
43 172
57 348
121 205
10 283
111 13
38 61
3 41
54 295
153 20
27 31
85 34
45 96
86 126
34 57
89 213
67 339
