154 187
168 225
394 222
300 667
135 496
370 365
155 642
301 21
162 253
276 465
92 653
200 558
373 704
28 689
19 59
50 469
275 163
400 80
281 597
155 817
358 396
308 751
186 623
205 777
150 632
262 406
14 544
213 621
180 554
55 563
143 228
213 215
98 706
175 261
348 819
125 589
6 152
230 266
181 706
87 505
104 363
345 59
158 422
10 724
172 216
171 58
7 339
251 161
108 506
196 533
144 195
124 527
244 676
342 211
314 652
274 258
200 27
198 291
178 17
194 46
22 627
315 497
265 697
392 799
404 411
98 570
99 321
399 527
163 735
192 471
347 544
57 509
310 753
77 542
86 431
54 134
99 584
75 554
148 709
243 598
243 616
395 121
393 337
39 660
100 695
110 243
150 14
243 678
191 199
225 556
229 591
66 36
90 456
180 100
187 625
24 780
156 348
405 718
261 456
78 286
216 46
80 283
235 789
187 523
56 604
376 444
364 334
232 163
408 703
412 823
347 238
212 640
295 119
389 524
364 526
171 764
399 211
341 118
36 36
330 282
66 181
24 359
178 432
373 708
106 17
210 132
300 43
205 257
129 694
116 336
164 105
162 364
144 243
411 34
300 10
298 486
301 762
56 296
16 770
250 143
294 413
34 294
319 578
255 504
73 479
247 358
231 690
253 822
63 421
213 121
142 582
290 496
272 663
408 244
56 295
