160 390
162 460
239 276
211 243
232 791
349 797
104 458
294 313
222 144
425 116
444 467
155 882
132 558
221 569
258 857
133 794
403 309
232 218
447 383
73 458
381 231
221 210
250 15
163 585
366 250
408 619
399 41
195 386
11 168
256 31
31 847
295 142
401 389
75 160
47 554
165 584
431 332
89 875
132 321
222 260
224 235
141 392
405 644
189 571
123 466
254 743
360 796
288 12
243 124
105 722
182 731
434 255
76 149
64 545
186 817
349 449
119 530
197 262
236 742
380 406
218 450
43 247
440 426
12 398
359 810
147 639
390 413
305 691
438 587
119 235
217 806
184 537
128 741
114 27
237 23
27 813
407 857
27 740
340 515
123 174
110 203
136 659
69 669
207 507
254 403
367 118
232 27
6 614
405 483
363 690
50 183
161 31
100 889
14 291
195 449
203 551
338 319
282 343
273 657
115 5
75 88
176 839
176 92
141 502
214 691
207 317
161 889
404 711
407 646
280 313
73 479
258 560
449 233
377 158
140 347
128 737
164 677
90 497
47 16
252 401
272 159
151 895
251 115
323 574
287 153
113 35
35 119
215 892
272 855
103 58
275 714
386 618
42 806
200 63
103 65
227 257
345 401
137 895
442 65
115 429
440 562
400 303
389 687
7 8
312 896
295 100
427 72
143 56
332 784
266 903
287 7
212 167
176 2
355 774
370 646
377 805
355 593
35 801
11 265
363 375
305 352
