159 40
69 330
155 297
157 85
35 307
91 237
29 170
113 118
94 210
97 52
41 344
98 375
74 278
134 273
19 235
91 314
94 201
93 335
23 280
64 272
181 334
192 67
33 196
134 385
55 369
103 53
155 112
153 213
102 21
80 366
153 111
10 122
58 265
37 256
40 148
3 280
122 124
191 210
88 27
136 78
121 374
28 39
137 212
26 283
63 321
96 137
51 96
11 7
149 100
147 295
12 366
134 233
159 310
113 312
85 158
189 15
171 237
148 20
27 372
29 49
94 128
177 193
138 287
111 287
145 289
130 66
21 196
113 109
46 120
186 324
46 16
84 206
10 142
153 202
171 377
32 31
99 260
38 317
115 85
75 246
51 348
134 1
15 123
64 292
73 207
134 16
56 65
167 170
94 261
160 287
72 59
141 314
38 123
184 56
127 5
42 141
43 91
93 113
6 135
179 308
112 89
6 340
63 22
55 210
94 174
76 105
22 121
192 315
126 153
112 92
135 320
121 304
174 242
164 81
86 101
135 17
178 209
154 171
132 374
40 294
134 200
171 93
160 193
100 251
171 113
70 17
82 225
56 101
74 222
103 37
171 286
173 319
177 257
75 370
86 4
126 139
115 309
102 121
68 81
51 313
186 273
15 160
66 42
21 231
182 213
11 226
87 169
25 79
32 62
79 212
10 370
52 126
116 242
46 316
96 220
14 228
172 118
157 90
142 349
102 239
