163 193
328 493
66 154
442 611
212 96
84 507
417 667
407 397
395 493
64 73
175 460
323 733
278 772
295 857
169 331
25 727
368 260
92 587
12 775
5 198
211 301
62 319
390 308
439 673
359 728
359 533
189 567
27 38
371 817
116 306
109 780
62 810
305 21
411 754
405 44
317 534
311 201
368 849
322 830
334 520
170 474
2 731
370 217
70 893
329 326
128 325
430 557
375 769
29 102
119 221
111 239
66 47
265 65
374 148
219 660
64 49
333 810
237 222
148 651
425 875
264 414
300 698
69 744
239 3
165 422
198 789
384 320
252 722
131 157
360 717
146 772
291 850
188 555
429 694
62 780
36 119
61 10
269 564
436 221
418 294
400 3
160 666
416 161
46 835
14 711
103 64
242 725
20 242
193 661
97 718
260 881
25 19
48 439
392 644
355 762
432 691
130 405
251 102
48 495
339 118
9 429
337 473
65 150
289 774
418 862
222 2
430 830
86 23
338 18
408 50
58 710
307 107
88 138
102 509
253 552
141 443
336 426
249 205
252 290
397 450
179 588
192 492
413 79
85 272
322 710
53 83
85 117
210 457
161 668
70 855
46 850
356 425
383 158
362 762
108 875
55 774
14 403
141 301
353 432
448 558
52 831
47 80
354 570
104 77
331 132
353 898
363 340
213 321
285 586
268 796
221 869
399 600
129 863
150 899
374 397
398 458
129 773
17 93
345 532
390 581
122 349
220 258
174 545
34 380
