161 84
53 260
31 109
108 40
1 58
152 186
102 105
12 80
146 82
8 120
59 83
139 129
113 83
52 205
138 139
38 252
93 140
18 203
121 107
82 81
25 149
63 57
110 96
130 154
138 290
45 116
122 267
146 214
60 108
41 245
76 66
124 125
72 252
145 174
102 91
58 273
52 175
75 37
102 66
110 108
52 179
28 203
18 123
149 18
141 260
84 176
126 318
111 50
38 259
10 277
100 13
155 165
9 187
104 198
38 50
36 265
1 223
151 300
55 114
37 27
29 58
64 175
17 47
119 4
40 31
36 217
131 221
123 290
119 28
60 233
35 146
81 235
73 13
42 15
36 265
17 223
101 55
30 289
41 220
116 256
11 76
151 119
71 179
14 199
153 310
21 287
124 211
22 267
103 154
149 274
44 315
38 266
6 173
50 139
123 226
16 239
124 113
54 231
137 94
82 16
20 293
87 253
79 130
1 297
95 264
28 35
49 7
43 241
89 232
59 1
103 300
5 52
78 185
29 146
95 233
64 207
104 122
72 25
2 224
71 286
124 50
72 55
56 9
4 1
6 49
7 147
55 32
108 77
43 274
139 5
147 143
88 47
88 233
139 313
16 89
9 153
153 54
88 38
92 16
32 98
153 308
142 221
40 212
131 223
100 151
155 197
105 145
102 256
86 56
138 168
156 78
135 104
146 135
140 107
49 280
99 145
13 83
25 46
65 69
114 29
126 107
78 38
