155 277
380 707
365 309
271 723
290 766
117 13
102 188
163 413
385 510
430 144
129 43
200 555
385 720
200 498
121 97
1 635
402 290
182 313
324 533
383 487
22 777
317 680
94 89
333 808
166 351
290 588
42 21
262 624
334 480
317 342
365 692
410 271
195 222
21 628
1 586
405 818
269 661
146 184
308 574
264 297
135 533
116 310
301 751
349 843
233 293
411 333
70 696
130 437
252 746
371 245
183 239
128 230
127 477
387 450
135 850
367 500
416 783
310 758
188 669
130 205
123 676
265 85
375 728
277 335
425 344
100 773
41 393
383 314
429 261
276 360
19 87
30 753
65 475
387 723
357 787
309 856
65 746
335 5
363 264
185 40
40 560
301 252
262 407
362 616
103 320
343 100
301 82
366 829
216 223
131 479
303 440
314 814
197 482
108 162
101 1
76 102
15 109
148 145
1 810
227 506
172 836
409 655
130 166
23 582
3 697
279 446
363 74
12 335
31 302
317 333
245 600
411 700
27 92
399 179
206 35
430 11
252 747
199 255
101 402
209 674
158 399
5 514
21 359
92 697
232 427
243 462
56 774
37 333
412 364
232 662
288 413
325 215
255 254
211 840
24 449
178 416
61 228
347 447
154 846
407 252
214 171
322 78
330 349
275 420
290 44
24 746
221 586
332 312
243 225
228 8
86 749
83 316
226 157
264 611
185 756
274 316
