158 18
277 293
327 638
51 683
216 269
109 92
145 113
358 672
212 811
84 20
226 497
349 769
207 858
89 761
194 105
80 480
356 101
163 35
402 654
130 318
346 179
254 790
244 97
257 520
89 850
388 692
135 706
319 306
243 548
157 191
241 504
318 310
408 504
396 793
370 851
10 166
248 221
319 497
84 327
323 747
207 572
385 279
314 861
364 864
149 66
299 43
293 317
299 753
185 739
71 243
169 551
356 731
5 326
160 431
415 516
382 174
34 81
19 235
104 453
298 239
75 120
370 433
245 228
6 138
3 577
38 89
263 83
393 648
367 735
291 292
321 30
62 44
100 463
361 705
85 678
120 526
77 483
205 694
39 627
197 697
370 231
106 756
233 789
330 636
161 752
420 647
275 157
394 191
17 432
324 370
264 720
273 370
378 42
189 193
154 574
398 598
200 108
364 112
73 257
338 797
252 813
368 515
84 308
21 780
303 165
76 565
107 318
238 759
145 186
1 99
131 509
304 139
53 655
221 28
232 4
329 145
286 135
302 572
41 302
372 361
37 835
50 657
46 609
418 188
34 733
168 72
341 785
147 669
280 308
123 277
345 413
148 786
414 546
123 334
387 675
364 605
177 821
338 694
129 456
407 182
124 798
339 205
322 44
210 512
168 226
259 202
31 71
186 415
425 741
41 261
18 194
25 600
36 10
182 406
106 649
419 73
397 517
115 279
122 349
