157 144
386 672
5 315
275 373
360 365
8 699
133 489
213 96
206 590
374 555
451 54
255 286
93 331
460 107
314 483
35 494
442 91
64 572
39 578
325 235
399 596
439 544
417 302
353 470
331 659
242 932
54 161
296 445
351 906
47 922
71 853
90 11
238 795
405 263
224 857
58 208
440 308
27 806
72 422
144 913
1 272
257 293
467 688
182 85
129 452
198 900
228 484
168 692
357 933
204 722
49 428
281 822
308 315
194 7
92 53
39 497
394 371
462 362
144 560
398 450
376 602
80 758
286 37
143 157
125 579
466 171
57 78
407 841
280 561
264 221
75 62
198 311
26 90
109 526
140 833
405 25
34 330
239 51
298 388
265 768
63 733
213 707
102 265
139 244
291 463
113 381
55 35
311 24
280 260
428 323
225 418
97 319
221 508
271 825
317 54
134 741
320 907
48 678
179 244
421 139
217 365
400 765
449 572
381 301
202 326
333 673
171 34
269 558
418 80
193 879
462 108
77 20
186 95
314 544
292 501
159 752
96 313
169 3
200 7
355 35
269 224
159 333
461 658
329 381
146 245
218 437
348 689
283 659
306 434
7 50
181 424
37 701
44 324
284 530
456 671
444 553
123 910
55 661
282 596
140 130
20 131
259 208
280 532
259 288
408 218
78 191
275 252
370 847
347 228
275 266
388 866
88 637
244 766
6 158
60 791
263 104
47 512
241 7
