162 137
146 326
61 300
122 206
124 476
218 516
265 417
25 259
18 66
151 444
138 71
248 489
13 478
238 544
27 507
194 303
108 509
216 150
44 321
127 483
259 400
258 388
199 546
59 394
275 515
50 569
40 238
90 217
111 277
2 95
194 12
31 526
281 571
148 560
275 314
158 563
158 368
8 480
87 354
93 399
18 83
284 392
286 535
277 35
183 372
52 194
137 178
16 381
274 346
156 583
77 40
29 427
80 247
271 186
72 441
189 47
209 232
111 70
179 140
171 24
214 352
126 573
129 422
193 112
66 439
215 439
97 530
20 45
280 280
112 464
29 305
163 142
132 145
208 232
69 125
121 559
280 549
17 352
231 235
116 129
102 394
173 460
225 428
238 13
150 580
124 297
246 526
245 39
9 393
52 93
207 375
84 563
117 69
212 452
81 93
206 489
159 518
258 328
196 183
94 62
16 320
244 336
60 423
258 562
161 170
137 422
17 195
250 500
141 332
197 355
251 436
154 95
40 585
83 500
39 153
103 109
71 290
248 579
251 320
270 156
144 292
130 399
267 553
29 141
250 272
116 187
26 321
27 158
181 40
214 80
33 497
100 196
169 106
279 574
58 225
3 76
6 20
103 202
238 121
122 122
249 491
7 310
258 203
102 141
129 7
214 541
76 95
60 518
156 576
248 400
38 503
291 476
252 163
90 330
23 385
255 216
256 357
174 503
147 496
94 136
143 95
273 14
207 556
