156 201
283 340
247 555
237 6
86 606
318 224
144 178
313 71
149 429
19 570
86 213
274 363
217 450
281 433
243 398
67 497
17 513
251 62
149 231
4 162
249 20
247 117
27 272
148 402
134 270
151 564
90 111
215 457
89 165
192 196
215 488
170 90
129 223
67 636
189 281
209 286
116 578
104 430
204 185
304 542
111 545
298 306
14 131
115 367
120 147
274 56
299 590
293 42
221 559
207 48
223 426
155 74
73 435
18 127
278 517
90 523
292 400
166 266
75 468
250 90
17 14
52 428
201 71
302 52
145 301
296 357
151 317
34 561
283 222
181 351
147 108
268 92
201 120
135 582
275 70
235 577
64 417
85 113
165 68
40 339
184 258
55 168
176 255
293 556
125 147
25 473
214 470
111 410
28 615
251 304
214 475
54 476
210 134
251 579
106 128
172 563
255 431
205 610
60 322
99 124
143 125
75 341
243 178
18 56
99 611
175 264
38 589
140 461
154 420
149 565
309 507
256 223
287 73
113 99
185 607
308 95
7 85
120 207
139 480
83 287
166 111
163 370
29 578
249 123
239 221
289 154
203 616
273 185
292 190
191 583
187 170
186 445
119 543
319 567
8 163
234 380
212 457
79 30
6 338
228 96
36 504
315 539
150 11
164 477
33 223
68 582
26 235
44 445
196 225
17 401
281 537
38 381
224 163
267 299
123 348
170 66
314 557
