167 55
243 404
126 494
147 160
225 203
106 202
33 217
17 36
105 399
24 146
219 258
26 265
241 530
261 231
250 331
221 249
177 329
152 368
78 191
10 423
110 242
114 237
146 137
11 527
260 491
127 293
85 25
183 212
208 290
221 296
63 141
244 180
21 283
63 62
148 109
62 129
61 71
64 494
196 113
29 10
154 372
267 33
132 212
46 24
129 341
118 130
125 445
170 506
235 449
264 416
189 532
27 262
30 529
3 121
244 484
112 321
232 430
204 336
164 53
158 397
81 371
93 150
86 311
104 96
264 250
48 236
62 63
149 350
208 241
260 360
65 34
259 297
141 468
96 89
164 20
156 335
43 524
12 202
246 77
228 237
268 117
1 70
212 370
66 382
145 172
132 57
124 504
137 338
263 303
214 470
8 2
69 523
94 492
125 248
132 362
16 29
144 424
55 440
207 19
248 146
32 228
54 194
82 58
191 43
41 316
137 27
15 345
218 274
168 349
26 351
191 119
34 381
227 383
72 468
229 320
230 5
262 83
62 383
145 428
70 433
184 227
116 407
173 216
28 302
229 528
174 385
263 141
88 313
113 120
218 253
29 473
191 88
163 52
189 118
170 471
110 438
177 477
22 78
221 311
182 466
69 396
88 245
55 120
73 158
166 216
47 525
189 399
220 338
83 56
208 90
34 486
232 193
201 286
240 465
42 459
43 316
237 140
57 464
87 202
172 256
73 518
165 493
10 156
138 436
112 208
170 537
16 329
228 39
