164 108
148 731
143 99
72 51
137 270
233 582
174 429
230 576
119 28
30 696
298 175
353 602
210 752
162 567
275 440
132 232
317 289
70 211
321 650
43 392
67 340
375 778
223 262
23 785
211 708
201 173
13 147
284 554
249 284
219 376
114 222
134 416
192 47
354 5
229 408
124 594
286 76
374 744
310 506
183 228
89 135
328 325
320 491
102 414
299 26
17 90
261 776
346 125
204 613
359 443
322 139
337 76
297 554
73 139
407 240
405 493
371 219
287 211
85 671
113 171
19 463
284 566
28 473
108 219
211 639
382 633
257 336
124 83
229 81
385 669
23 727
139 485
334 450
24 441
371 711
160 352
132 463
137 27
245 252
246 782
108 149
369 171
258 568
4 489
304 730
168 55
186 51
179 271
72 108
341 463
366 764
229 367
263 701
26 687
359 387
103 250
194 245
44 720
328 172
217 598
245 571
224 540
85 371
33 155
68 423
30 627
16 389
257 815
223 411
108 389
317 45
114 649
406 719
159 806
399 309
64 273
92 311
249 422
55 524
142 765
356 806
244 324
381 98
397 19
53 625
53 413
16 770
81 679
308 690
173 202
254 135
245 717
83 184
138 710
209 721
347 686
66 490
362 763
137 66
117 766
309 672
9 40
178 142
385 638
54 408
191 658
344 47
397 795
49 325
187 114
285 566
289 334
364 130
228 159
336 601
283 704
191 418
83 548
109 720
202 315
25 509
310 420
358 207
361 582
80 649
