173 169
96 318
166 371
230 392
190 445
193 471
86 363
122 21
160 191
152 319
127 380
115 208
225 165
12 14
143 267
219 420
166 425
136 428
79 165
123 367
58 338
163 344
147 107
54 176
165 159
195 64
135 403
221 55
144 178
86 217
207 152
47 419
223 446
20 146
101 308
235 103
130 399
70 2
72 141
163 132
185 429
50 348
172 52
73 361
36 115
98 84
131 93
211 156
204 62
55 122
43 219
177 78
214 281
41 49
88 210
207 425
76 324
126 12
34 125
125 90
178 63
180 83
75 104
236 342
7 388
41 348
26 361
107 290
94 154
232 150
234 12
143 439
229 116
130 211
183 10
161 103
75 443
97 83
41 469
44 187
150 268
173 335
140 270
163 153
79 271
123 255
109 210
231 138
101 363
193 17
62 39
21 115
124 430
102 465
137 343
24 288
102 252
98 399
16 6
169 310
135 257
64 346
212 179
148 442
72 421
153 378
98 226
232 450
84 356
85 155
123 417
1 145
144 342
215 7
88 42
205 62
30 140
170 354
10 299
26 384
44 233
113 309
199 347
40 377
189 198
176 399
36 205
47 391
66 466
182 7
157 32
231 363
7 379
229 392
35 219
182 305
75 353
230 237
89 209
182 204
68 392
34 363
136 264
105 144
176 280
56 413
201 262
186 160
137 38
24 365
160 303
43 248
97 397
188 186
177 335
78 348
82 457
153 334
136 383
51 16
111 15
93 353
92 376
41 297
227 22
211 141
93 410
62 391
175 244
180 468
64 16
32 365
63 43
238 274
