166 339
157 199
352 469
75 689
238 361
242 530
172 681
45 565
306 675
60 353
331 707
53 509
164 692
290 543
111 145
270 660
373 294
345 672
194 666
371 123
27 343
291 554
228 232
264 328
382 260
234 748
328 136
104 191
222 445
327 688
232 202
376 211
368 729
213 35
93 30
356 301
293 558
240 216
88 529
85 53
159 258
321 46
262 770
384 672
85 185
48 392
379 30
198 126
153 597
301 101
229 46
335 331
238 127
130 12
58 411
1 148
199 461
122 67
271 381
361 402
304 635
16 655
200 246
23 143
226 190
251 689
37 335
234 626
212 304
252 650
376 325
210 703
45 351
311 380
254 439
244 50
364 616
221 491
177 92
192 744
329 682
127 480
362 60
276 230
210 409
339 238
95 387
154 314
159 746
350 301
32 84
46 756
19 20
328 607
307 659
96 295
84 317
148 326
317 108
340 360
6 634
115 501
140 56
289 395
158 214
110 6
245 198
81 628
321 420
70 143
70 578
77 10
3 414
92 649
267 468
131 28
346 115
204 245
203 198
205 269
219 724
281 28
123 598
157 379
90 327
231 204
144 323
127 515
156 208
85 111
325 128
141 117
167 175
292 170
114 561
278 658
262 412
180 266
112 690
353 11
98 142
33 89
105 623
386 546
219 472
13 307
144 311
146 83
20 360
66 364
18 371
114 478
4 656
64 129
158 620
299 306
349 16
121 689
73 736
152 693
68 80
364 609
250 725
334 584
106 701
238 370
286 350
