170 115
22 275
281 503
11 749
69 382
258 178
13 346
288 290
14 644
12 592
194 460
32 390
202 202
373 391
47 634
375 456
74 490
63 41
145 318
25 469
239 731
172 207
25 705
150 250
211 471
150 301
335 724
382 334
53 60
107 145
312 587
395 2
76 511
114 152
18 45
183 617
341 103
288 399
140 631
129 124
115 265
45 7
285 142
246 469
192 636
327 371
344 6
96 787
57 417
161 638
296 89
123 130
55 332
243 490
217 254
161 267
335 753
376 749
3 33
116 639
13 568
340 323
297 168
257 175
368 700
192 673
333 548
287 200
314 626
279 179
228 680
4 191
344 514
111 686
270 46
228 622
114 126
396 522
16 332
331 386
40 216
312 15
174 122
386 209
298 718
66 757
255 436
302 269
40 760
298 25
320 154
42 84
388 632
170 780
271 207
247 471
51 433
258 610
389 590
182 773
123 512
82 656
396 118
243 151
71 679
274 3
61 401
391 198
341 83
95 113
349 58
338 750
12 676
169 698
19 498
350 271
303 686
206 518
357 517
177 302
340 238
50 732
299 364
294 514
118 204
109 271
49 88
26 585
141 290
18 121
312 508
125 385
298 414
275 624
44 449
259 758
322 46
170 125
99 11
126 591
220 771
46 167
316 305
271 181
39 624
127 585
77 139
6 169
177 274
370 138
367 496
148 770
115 735
169 106
309 681
70 25
210 46
71 724
295 667
349 746
171 106
79 51
98 61
240 20
202 782
34 697
14 6
231 121
178 78
178 482
355 315
