172 142
294 606
233 497
30 662
59 553
115 515
279 319
21 668
216 422
331 246
137 423
98 367
211 459
201 606
23 167
7 100
215 609
140 288
95 352
22 237
255 423
80 677
213 642
170 444
121 495
94 434
53 537
94 309
108 135
318 55
33 415
111 8
132 242
68 577
8 172
159 370
3 593
266 164
97 533
135 554
250 403
59 237
230 464
219 33
52 644
176 339
93 389
274 214
270 339
148 298
236 652
131 428
321 157
245 490
156 404
181 378
70 195
308 656
85 144
144 284
151 50
99 627
273 428
232 554
262 8
195 185
276 211
4 519
116 611
17 602
235 109
201 571
280 665
48 324
293 234
102 138
245 139
108 181
260 10
229 287
258 373
331 305
238 538
230 71
141 541
100 332
147 283
159 102
330 87
101 113
25 448
226 131
290 465
305 679
57 584
99 646
286 401
40 284
187 568
113 300
234 438
81 613
206 643
19 493
122 670
78 374
87 109
105 639
85 74
187 338
305 565
199 580
245 533
112 400
187 414
289 332
296 599
149 470
155 162
120 123
89 635
37 308
244 671
267 511
326 372
239 236
113 576
42 182
258 184
176 301
231 644
209 577
251 506
290 545
49 392
80 654
206 536
57 563
315 590
279 174
142 310
51 12
265 65
226 202
12 656
212 269
79 301
94 157
325 323
320 586
2 595
169 175
114 411
267 530
87 229
191 678
326 145
312 73
317 301
113 83
246 599
43 76
302 200
236 336
161 241
338 522
76 578
151 523
31 550
106 557
310 221
39 524
204 663
