171 108
21 52
155 144
151 177
10 262
18 72
47 76
86 287
143 41
64 137
129 79
74 158
41 138
112 61
148 250
139 109
24 283
137 98
14 153
155 260
140 231
106 174
121 114
55 188
127 110
103 76
128 217
38 128
92 135
28 84
9 247
50 229
127 198
43 152
7 78
32 259
2 114
35 92
114 181
134 79
87 16
11 118
93 198
144 26
136 277
69 165
19 226
120 74
129 52
99 302
126 16
57 132
112 129
63 80
75 14
16 3
19 123
144 135
48 288
52 38
119 196
135 71
42 281
68 212
108 121
44 163
134 280
34 294
56 233
6 74
135 155
114 215
77 118
138 280
126 67
93 82
119 287
140 14
126 310
132 251
126 213
41 291
127 282
94 211
29 222
141 159
4 242
14 257
81 82
97 143
41 27
149 205
145 275
3 137
15 226
24 9
120 297
59 197
85 212
46 258
99 167
18 73
124 49
24 92
135 202
40 237
8 28
100 119
113 133
16 145
147 6
54 140
8 137
130 271
79 185
106 43
30 37
15 3
39 122
39 238
156 134
133 15
104 78
121 50
69 164
60 187
71 138
106 171
89 213
62 148
124 173
27 98
69 162
123 297
131 255
14 312
136 272
70 161
100 115
154 283
72 69
143 136
151 292
129 64
99 264
85 257
17 56
102 221
29 142
10 243
12 273
109 165
86 241
56 256
104 293
38 59
68 23
148 115
130 187
97 72
140 257
16 90
150 112
47 156
8 28
58 225
137 155
67 171
70 190
69 135
91 247
32 233
