165 115
89 360
100 169
190 301
43 17
130 162
73 17
131 262
165 301
92 136
151 388
151 117
147 183
107 106
56 110
113 234
147 7
19 379
147 197
166 18
126 96
186 251
189 11
158 268
30 176
152 353
68 270
60 251
91 54
167 201
40 168
63 202
13 354
43 331
194 335
75 162
120 129
40 277
69 290
3 185
38 128
89 241
123 333
38 131
47 85
132 37
60 46
97 87
23 9
87 186
136 173
65 98
102 180
14 378
102 141
149 306
96 222
14 34
143 403
187 385
127 336
150 102
30 78
3 369
175 59
66 110
193 347
59 389
72 22
125 291
51 238
139 331
179 309
5 325
111 295
21 275
90 358
150 335
46 319
115 109
102 114
188 307
148 211
54 96
145 88
47 332
182 205
2 353
176 352
129 32
62 152
185 231
21 98
95 66
44 82
15 279
126 361
110 381
3 168
38 153
163 179
12 232
130 39
16 14
197 297
53 72
114 393
45 247
188 78
105 20
105 31
4 88
60 3
53 279
71 34
43 232
199 38
165 189
84 142
97 142
140 288
146 343
6 199
111 184
130 10
179 384
101 283
66 115
101 176
80 245
201 8
170 143
158 135
110 269
69 166
95 339
105 206
10 263
2 64
1 147
86 84
112 55
143 124
186 66
32 281
57 327
132 287
110 104
191 24
96 86
36 306
80 37
67 107
43 172
36 76
30 179
133 177
71 145
149 397
152 174
79 207
88 46
127 117
63 112
115 60
38 324
