169 33
7 193
304 248
21 47
84 440
216 529
316 612
181 137
110 471
25 80
306 329
92 132
29 258
76 71
178 288
169 386
9 637
24 158
52 569
261 239
178 355
223 335
205 499
319 154
251 258
298 707
26 272
196 391
10 489
210 544
174 371
161 298
78 215
350 711
240 82
334 256
228 477
48 698
159 142
14 384
187 56
339 263
180 107
343 709
348 6
142 631
34 257
291 51
218 117
221 594
216 240
342 69
131 194
121 79
319 200
122 554
296 218
119 396
150 699
331 33
127 630
121 261
340 247
310 343
132 135
150 126
329 70
56 340
19 331
241 619
316 386
21 444
332 656
262 198
195 80
336 388
233 538
301 622
137 115
33 85
12 686
220 8
127 75
306 401
296 355
285 664
325 527
107 466
235 225
179 7
328 231
296 317
342 309
271 142
313 397
164 616
15 415
212 145
343 340
163 594
239 549
35 469
139 273
243 584
45 428
310 221
177 428
36 244
97 415
85 626
311 453
239 348
279 587
88 409
15 628
30 597
180 596
1 157
74 470
110 628
287 207
14 494
161 462
190 597
273 691
296 216
25 254
297 398
274 569
6 296
49 327
195 320
101 252
58 345
225 395
34 436
87 182
119 597
229 376
279 602
202 114
97 542
194 91
348 576
174 72
170 96
140 353
62 16
93 634
195 77
63 627
226 689
323 242
180 242
288 458
156 254
70 575
50 56
121 113
335 30
344 432
114 227
111 254
238 640
101 475
307 628
114 478
291 425
40 425
129 589
