168 328
72 439
200 238
103 163
281 98
383 734
229 152
245 229
337 50
334 193
129 297
243 507
339 86
35 196
373 650
197 11
328 152
351 737
170 274
68 554
230 255
103 726
322 394
117 33
67 30
399 80
354 303
209 80
339 186
148 282
264 766
380 392
132 719
328 281
201 98
74 621
331 594
188 134
365 559
23 192
115 37
212 668
3 339
52 34
137 135
389 49
363 747
182 603
156 616
46 526
68 285
326 377
123 388
364 634
355 218
187 426
297 80
275 727
266 173
142 268
279 797
17 201
54 709
5 147
283 482
160 685
189 285
77 703
160 190
351 679
224 4
149 636
373 293
401 393
382 46
149 107
300 506
269 473
309 46
308 594
108 697
19 765
332 365
364 772
309 631
399 799
278 330
149 549
223 526
399 220
174 636
115 392
181 6
130 793
266 477
175 779
71 658
60 286
125 325
87 84
3 602
78 797
284 517
385 461
54 412
183 729
286 164
296 501
134 201
398 354
391 324
1 312
125 126
78 542
395 231
236 698
72 503
353 233
53 610
378 525
347 459
153 70
311 342
376 499
347 453
241 732
333 157
281 344
404 28
309 145
331 448
41 11
117 225
344 309
26 698
7 300
375 278
150 270
293 190
207 272
227 61
143 199
156 649
137 132
219 455
200 664
345 502
123 494
88 620
178 556
102 195
155 530
217 230
365 563
271 531
117 13
321 448
9 499
49 12
108 706
341 126
356 641
114 541
231 549
248 353
190 696
48 596
40 382
80 516
