181 46
453 30
361 142
63 437
466 910
243 513
64 565
96 349
124 104
228 621
234 912
192 602
181 300
361 497
10 993
363 103
194 333
384 614
114 745
236 941
442 180
106 442
201 948
210 929
247 512
167 236
443 668
144 681
441 615
208 801
248 915
43 430
420 974
365 35
121 993
99 366
360 390
154 558
384 200
145 692
369 805
422 825
380 461
498 323
182 983
51 842
265 725
467 932
271 323
108 500
256 441
324 683
260 413
104 817
283 402
109 377
339 990
30 778
471 586
151 173
31 316
126 477
134 897
65 571
105 872
314 142
348 590
158 831
1 164
354 921
233 898
447 91
408 196
153 924
356 435
314 402
238 120
263 79
167 302
477 156
194 57
116 108
501 356
383 31
455 839
343 146
192 392
48 767
31 537
237 132
60 392
425 268
183 193
99 545
204 304
283 783
232 500
274 448
230 674
46 973
494 170
413 774
460 880
446 434
415 456
56 569
168 791
236 936
428 655
320 393
29 859
495 121
417 236
487 154
354 333
397 477
385 491
343 584
8 486
417 31
62 826
469 682
262 670
413 610
107 548
97 452
432 278
92 373
501 768
38 499
207 351
174 260
129 390
352 734
85 734
381 285
433 779
484 29
459 124
335 82
181 67
450 439
345 387
413 892
343 550
247 283
402 566
380 839
80 589
233 474
236 70
196 762
169 718
449 110
85 923
197 136
91 45
469 30
405 265
469 118
297 636
105 192
98 458
171 258
240 39
260 780
282 697
268 616
375 554
177 66
276 901
81 197
116 817
24 665
396 849
27 399
221 743
484 192
88 966
344 484
183 828
100 440
