178 157
367 464
307 679
244 74
18 389
355 336
105 152
38 297
360 551
161 550
326 94
271 685
221 159
235 551
146 656
93 487
315 214
172 247
283 261
20 48
96 158
361 37
24 367
6 160
141 628
301 438
63 675
337 395
114 728
59 197
201 665
200 346
88 279
59 242
189 275
264 635
349 395
131 191
255 529
35 641
52 122
341 503
217 35
314 617
92 586
83 380
231 550
293 729
350 270
237 521
144 206
16 140
355 663
105 48
278 739
100 92
95 127
249 406
180 564
204 700
342 738
96 304
171 454
262 482
107 49
12 357
233 388
329 270
300 567
172 422
157 114
74 247
185 261
112 346
120 461
201 658
68 445
227 417
223 9
148 624
288 690
19 552
242 289
73 439
152 227
312 16
300 373
164 247
328 118
108 669
274 209
104 390
168 357
257 658
38 18
342 499
63 507
333 155
92 319
227 461
53 699
43 46
350 284
116 197
358 192
352 210
231 23
369 216
320 58
172 266
71 173
35 323
33 84
18 347
145 442
70 489
274 310
286 156
195 316
207 147
171 568
336 282
134 705
321 652
23 739
80 264
77 516
167 568
80 212
190 318
188 218
123 694
95 463
174 434
279 611
331 39
84 10
312 728
84 125
183 671
33 632
108 667
171 288
29 190
187 486
343 82
25 699
177 200
256 592
355 668
174 631
96 56
31 375
148 524
328 152
192 126
76 62
266 496
87 369
319 464
143 55
218 717
13 107
56 257
115 518
151 101
139 639
100 447
305 704
161 364
91 285
229 164
342 623
316 105
52 49
153 386
71 104
342 207
36 64
