174 131
191 19
37 334
95 163
176 132
138 7
187 291
64 157
122 124
54 312
147 276
156 107
147 296
56 316
12 239
169 322
28 322
133 179
59 365
159 90
139 280
104 117
1 131
67 327
52 314
27 197
89 5
49 103
67 79
154 381
170 13
51 1
56 247
125 269
186 195
9 348
39 22
13 364
117 226
59 149
91 200
70 355
112 214
47 221
174 31
29 276
131 304
27 81
103 128
16 222
6 334
172 152
67 199
1 125
118 287
127 144
27 279
151 83
102 189
156 217
153 347
151 208
35 270
109 115
175 147
172 40
99 195
94 216
94 295
124 117
104 44
46 19
13 163
119 176
169 159
163 262
181 321
125 41
3 115
83 172
95 322
59 150
144 20
45 131
177 261
132 351
139 347
181 184
16 31
172 33
162 222
160 368
195 262
32 101
70 27
35 186
92 26
34 368
184 23
159 7
167 109
103 29
94 261
83 304
89 41
42 91
23 367
190 102
16 90
84 261
129 161
20 106
123 21
189 383
82 150
23 111
51 82
160 158
170 366
32 106
141 25
17 244
66 281
22 79
111 36
30 236
91 287
171 265
111 325
31 189
116 346
186 344
13 46
166 315
80 282
132 266
59 72
78 104
137 129
106 326
79 213
5 100
136 350
165 59
97 361
65 194
127 390
145 139
26 221
69 366
25 130
193 207
58 156
180 290
195 243
36 39
14 368
95 177
155 319
94 354
91 173
46 30
143 386
116 315
138 189
16 63
36 96
44 112
137 197
121 382
185 265
175 342
110 29
43 316
185 121
