179 52
138 367
83 524
18 205
95 262
12 256
143 161
72 411
62 169
180 14
198 500
219 358
77 491
233 118
228 146
175 391
97 45
192 520
197 515
71 60
117 387
191 406
158 438
11 515
219 276
160 54
214 217
224 361
18 198
164 425
35 358
68 485
197 12
153 160
61 65
43 327
93 93
14 150
255 278
120 525
245 535
184 272
35 510
64 432
141 20
11 227
83 83
177 410
209 440
18 524
133 109
239 72
269 21
125 282
68 132
130 506
133 244
162 543
178 489
170 189
72 252
273 426
262 348
43 426
84 95
139 71
127 398
144 276
216 513
172 405
244 363
219 493
201 350
190 326
167 444
211 233
178 286
136 276
147 85
253 523
73 318
204 305
157 312
16 347
160 5
131 230
258 13
180 54
169 176
24 12
53 59
89 49
221 71
89 446
62 139
198 153
12 302
124 163
210 414
147 277
156 435
234 442
98 141
201 359
121 97
241 76
74 176
238 433
191 63
255 404
152 164
40 373
103 56
119 253
78 443
100 113
63 52
9 336
158 193
198 103
8 87
237 454
106 458
132 8
164 181
198 463
118 544
125 382
239 222
82 31
9 431
121 300
195 442
258 503
87 500
14 303
55 184
54 108
105 355
114 89
173 503
215 509
189 133
251 153
208 340
196 38
124 155
88 71
21 480
181 348
28 396
221 330
216 332
75 246
48 470
182 439
245 472
76 253
8 284
38 3
113 442
196 237
54 70
172 45
93 454
34 215
52 504
234 299
96 369
154 214
149 427
136 70
37 487
95 105
18 285
251 77
96 418
137 469
48 164
273 387
