176 35
89 434
158 116
184 228
114 37
109 208
131 303
93 114
101 93
111 69
34 306
3 141
186 414
57 382
80 8
187 161
79 229
61 19
91 242
209 371
204 239
74 143
189 134
2 22
3 73
97 130
81 227
127 212
135 268
73 180
32 264
155 376
13 20
128 229
31 24
104 384
44 71
40 127
178 182
66 245
139 80
14 284
33 94
90 184
47 81
4 169
126 301
81 207
67 95
90 281
120 32
168 417
66 165
44 285
212 286
172 135
143 208
168 154
54 381
81 361
22 416
37 78
24 44
13 37
9 254
214 106
82 7
16 432
125 259
2 219
56 427
85 337
208 400
22 7
79 143
172 304
64 259
91 147
107 189
65 36
94 99
60 35
81 241
85 434
75 23
8 156
182 348
80 152
4 10
159 303
166 126
151 224
42 435
129 222
186 335
146 124
101 435
35 293
215 303
184 389
190 398
47 72
74 76
203 208
6 379
163 65
175 208
203 132
154 430
79 39
22 166
192 73
49 338
120 259
157 56
105 315
64 408
109 203
106 355
50 353
159 169
176 395
154 204
24 291
42 230
93 67
127 421
69 186
163 112
173 74
26 217
37 276
126 247
82 421
68 141
82 122
122 234
46 255
190 317
52 210
11 210
55 61
102 297
216 166
213 402
82 86
196 359
49 214
63 207
9 195
20 128
122 259
125 432
113 340
93 209
113 27
84 94
125 83
197 203
211 189
108 245
83 422
185 124
187 362
131 415
206 311
142 344
80 288
100 249
26 90
108 337
166 18
54 219
68 405
217 126
2 46
171 367
