183 26
119 32
19 146
62 229
108 118
6 128
8 115
57 156
42 81
80 28
119 296
69 243
96 193
80 296
2 175
83 261
73 18
122 257
104 272
145 218
87 170
23 195
110 218
3 71
137 275
133 195
48 267
135 271
131 186
94 53
12 167
106 3
56 202
77 106
140 294
104 68
103 59
3 282
151 43
154 228
14 76
22 177
96 253
35 267
91 25
3 195
39 209
50 269
123 302
97 277
95 280
44 239
138 302
149 25
2 294
118 1
43 202
44 231
100 151
117 35
107 170
73 269
119 214
139 124
147 75
6 249
32 56
100 253
145 240
148 51
53 148
24 123
101 117
103 191
56 285
131 116
28 249
39 70
15 273
37 25
20 167
117 186
31 51
24 170
148 286
11 262
48 123
8 146
53 236
25 37
82 241
86 252
4 57
123 71
56 63
44 200
48 127
49 172
139 240
61 41
86 84
48 202
41 25
61 10
97 262
8 39
16 301
122 165
57 125
24 11
16 106
6 44
26 4
41 194
74 88
55 246
147 121
3 96
104 162
21 141
2 55
110 298
103 137
135 191
6 21
29 54
100 67
58 147
106 42
32 33
24 306
60 95
63 258
114 271
129 295
81 214
149 212
69 215
120 108
23 88
56 182
114 55
85 283
144 72
62 250
48 202
98 153
116 243
12 309
135 218
143 61
132 300
151 63
136 224
51 33
103 264
101 303
82 211
118 224
48 197
116 223
43 216
59 71
62 72
55 243
86 34
30 264
132 80
92 126
24 222
106 113
133 65
78 292
97 47
128 279
42 67
57 229
26 225
142 213
70 300
65 185
95 48
153 127
96 148
