182 161
5 170
113 149
78 298
138 123
127 240
25 111
91 196
44 248
83 147
60 12
177 173
124 46
137 53
127 147
186 337
187 52
127 86
12 40
181 86
51 210
136 323
90 170
173 186
162 325
170 349
46 83
29 14
100 40
136 101
36 155
10 124
92 351
150 37
92 300
87 375
115 74
116 126
77 340
14 79
46 60
107 134
179 251
85 138
167 365
105 143
70 182
55 152
121 4
145 274
88 320
185 53
135 1
8 32
43 200
127 69
36 202
159 150
146 211
18 314
145 63
15 289
79 61
127 79
75 128
60 67
14 347
88 79
117 324
12 191
150 69
144 194
92 5
87 202
134 319
183 308
83 138
10 311
36 333
132 78
104 220
6 21
161 246
83 240
68 91
188 51
59 210
79 281
172 191
179 260
67 88
94 186
92 278
154 209
59 108
56 63
18 172
93 338
23 158
49 27
67 183
122 89
116 51
153 338
114 212
126 104
38 327
151 217
171 222
102 270
123 209
5 236
44 269
153 52
181 217
113 82
137 303
36 129
46 243
140 231
109 30
85 129
151 339
96 150
38 258
88 353
44 129
115 123
178 261
31 311
128 135
15 280
184 29
26 321
114 136
30 285
48 323
89 207
145 7
146 344
173 334
127 359
97 242
130 330
29 251
51 152
121 244
167 15
77 69
57 370
4 224
54 8
91 45
170 48
22 209
145 296
181 215
28 49
93 174
19 297
55 143
35 308
53 218
96 201
148 190
144 139
163 147
127 215
80 319
80 56
8 193
40 115
171 61
108 239
94 229
130 301
74 217
100 131
44 371
87 185
120 291
21 60
56 232
