180 146
132 195
209 416
43 129
109 68
105 234
108 148
145 104
208 400
24 211
20 336
26 268
17 38
186 91
173 221
21 193
50 351
72 208
161 75
194 253
123 55
67 411
63 410
43 278
73 190
124 20
32 226
7 245
176 264
139 337
61 114
174 155
121 222
58 131
1 190
204 60
88 17
38 79
98 318
214 202
121 171
122 330
123 264
21 101
9 379
119 356
46 60
184 380
31 337
49 27
12 67
102 71
80 313
136 136
119 152
147 219
2 149
63 421
41 121
55 118
196 177
81 205
99 131
58 405
130 56
94 381
8 19
146 216
57 143
60 190
145 401
169 250
7 290
191 220
57 368
117 331
60 364
129 213
101 294
140 355
68 265
114 423
165 273
47 220
9 167
162 190
72 24
105 358
129 103
9 121
203 165
57 401
202 71
74 186
120 150
6 294
146 66
59 184
91 120
11 101
183 359
108 117
84 188
206 204
2 354
113 414
47 79
123 190
122 67
66 77
156 189
26 404
166 195
184 415
155 228
209 248
17 368
53 94
183 71
122 269
171 29
10 283
190 424
46 296
8 404
129 348
27 286
40 152
42 112
153 42
197 242
196 261
11 165
76 45
160 41
162 381
149 70
57 63
171 83
96 229
163 93
73 238
109 252
35 90
12 359
122 63
7 176
193 245
158 81
190 114
8 344
210 427
124 176
18 102
40 356
50 407
66 55
98 237
19 326
178 189
206 301
57 349
157 286
162 137
88 357
148 404
43 109
139 209
126 418
178 179
76 82
146 312
176 58
123 225
164 263
210 79
106 279
55 413
112 113
57 42
136 415
