177 340
370 221
14 322
145 193
54 777
258 806
239 811
298 87
402 472
251 696
469 436
138 676
55 731
121 715
135 719
206 702
406 849
128 591
178 773
43 913
247 387
207 787
14 939
178 564
58 212
280 415
3 235
299 667
211 336
7 570
464 857
449 97
314 949
208 5
12 312
47 612
281 512
28 967
227 769
259 756
340 261
74 61
338 677
393 670
248 72
140 296
361 3
181 439
92 734
143 649
234 269
416 48
336 40
137 479
281 33
427 656
449 743
190 378
304 907
274 941
95 828
286 682
65 364
129 115
203 268
225 899
82 713
433 942
66 234
328 101
412 39
393 642
239 962
419 903
245 705
185 567
76 331
491 761
119 211
258 100
209 117
342 459
35 308
23 863
201 754
15 658
435 588
99 49
386 760
15 836
144 870
395 324
262 151
429 400
286 745
12 926
194 465
214 84
28 855
86 825
278 745
239 517
6 128
464 235
389 260
20 909
185 129
75 111
266 242
467 174
112 981
219 240
317 652
419 498
182 55
148 847
274 290
407 294
160 258
254 601
161 534
43 405
207 48
428 921
165 341
377 310
96 937
474 916
319 629
233 854
392 657
47 414
124 888
55 933
372 82
33 628
35 15
330 121
329 962
121 535
129 640
406 91
124 913
284 964
469 37
37 378
8 104
279 579
134 12
175 593
209 966
114 81
63 292
296 345
156 369
416 968
377 37
28 95
412 111
398 123
142 908
95 850
361 859
31 383
121 617
314 617
395 502
54 71
30 587
14 386
40 141
450 27
103 320
123 349
492 306
473 334
252 621
369 126
