175 200
233 582
265 406
69 143
334 175
289 326
294 626
82 123
65 516
240 33
32 233
182 539
8 102
79 362
268 401
312 53
260 294
322 63
331 623
246 653
149 446
138 452
189 387
331 451
107 427
238 161
255 543
13 57
280 335
10 298
23 239
121 518
27 35
213 638
86 486
74 174
311 226
62 406
194 265
20 9
217 662
81 577
167 274
88 196
19 20
110 171
214 48
315 337
59 372
175 349
24 413
17 370
202 508
255 604
101 136
330 32
204 318
305 552
85 198
207 521
167 52
281 452
93 253
208 532
5 174
241 554
152 570
90 350
200 662
25 536
111 71
95 494
89 235
159 579
111 585
200 559
306 571
112 286
310 430
303 424
39 288
43 493
148 503
81 261
302 394
135 478
115 93
53 337
295 68
290 395
67 300
291 222
163 229
140 564
298 364
204 5
292 573
232 244
327 209
80 439
200 546
217 269
5 451
28 298
280 409
254 439
42 286
235 72
279 77
210 342
69 246
79 207
177 492
293 642
14 206
17 93
151 171
50 305
116 422
3 410
292 518
308 592
9 123
123 654
158 352
334 215
182 5
136 38
283 271
185 435
257 207
19 210
60 326
254 291
313 326
157 306
91 4
331 87
62 359
281 527
126 461
159 162
49 492
76 73
268 109
91 468
7 175
177 525
236 309
249 592
6 28
208 199
297 530
137 85
314 617
170 553
310 425
26 219
277 568
310 356
330 118
21 352
213 366
287 312
62 308
233 446
173 653
150 326
260 168
190 551
286 510
316 180
218 140
276 318
328 414
60 257
