188 223
377 449
327 1105
111 16
129 228
437 388
431 750
247 770
145 1047
199 728
243 232
454 812
4 341
175 605
124 191
223 391
47 1011
509 417
9 990
305 113
371 991
390 612
315 185
172 334
55 418
89 168
247 64
128 548
242 284
544 455
210 933
258 214
218 659
370 789
401 509
439 817
218 609
524 1050
110 1087
517 731
390 133
330 538
244 306
488 103
267 4
21 146
240 912
235 60
102 784
460 448
414 267
8 869
550 641
205 748
131 589
431 728
511 752
67 574
538 735
482 339
548 1115
366 357
346 838
347 563
264 751
461 824
59 721
385 398
203 709
93 638
21 129
461 474
362 801
128 590
339 1032
45 314
509 126
238 923
216 785
525 32
223 203
240 703
508 151
259 965
554 505
355 1072
351 757
530 869
141 739
153 14
319 789
481 510
100 323
34 188
111 673
76 11
439 407
156 901
351 336
157 990
391 854
493 499
188 445
411 567
2 1008
403 80
513 47
240 1098
501 459
424 501
331 277
478 920
263 712
43 794
498 415
457 380
27 169
123 37
106 241
191 1112
261 204
272 759
543 641
347 806
203 446
234 306
150 692
440 1117
131 220
73 914
479 239
136 741
393 871
331 1012
284 604
328 286
478 45
283 561
38 1080
317 118
11 318
363 880
291 701
331 858
339 854
461 131
307 844
27 659
327 39
548 871
12 843
29 846
131 5
51 6
307 800
305 666
502 250
147 945
509 962
101 902
404 350
458 972
35 890
254 323
321 963
230 14
332 876
389 613
286 270
359 514
15 32
314 1042
459 650
500 292
301 446
212 184
110 1119
521 1000
256 459
71 166
69 251
83 296
273 649
253 77
61 141
468 353
50 904
29 30
449 183
