190 39
138 14
19 12
92 171
100 150
46 119
67 34
9 10
88 55
133 161
106 79
143 219
62 236
42 21
140 149
67 58
63 224
14 180
144 285
126 251
128 218
30 180
106 60
101 284
150 109
147 58
30 98
101 265
86 60
45 45
8 67
109 96
151 125
99 68
108 251
73 160
137 230
44 302
4 48
34 78
106 64
32 28
107 50
121 235
71 201
128 203
30 239
112 206
26 64
29 223
13 85
19 271
132 76
90 89
18 279
98 43
86 1
52 285
127 185
73 70
23 102
20 83
74 163
50 174
47 192
5 234
71 31
23 216
151 186
120 30
91 265
61 287
32 117
94 128
19 59
98 245
82 169
78 13
98 95
58 194
44 53
63 226
99 253
47 101
46 275
85 129
108 175
137 171
120 66
48 159
153 27
57 96
35 224
28 309
86 192
111 24
132 299
143 259
41 235
127 132
105 109
10 300
120 15
86 157
3 276
9 81
38 10
64 17
76 241
145 63
109 30
34 245
153 91
80 206
93 165
18 151
143 52
150 292
26 198
102 53
139 283
128 139
40 261
107 97
35 2
91 78
97 262
37 95
114 67
97 193
50 56
118 288
7 79
18 114
16 19
39 167
92 129
19 69
49 255
43 267
127 256
1 288
103 142
98 48
87 139
86 67
127 281
20 145
4 185
93 157
36 59
23 112
60 149
101 96
99 213
47 174
17 309
13 94
5 179
83 246
15 21
21 156
40 184
26 53
76 113
117 114
3 207
96 271
113 87
120 292
72 114
136 194
41 12
94 160
75 149
84 183
23 80
143 78
35 216
59 19
1 175
94 288
63 33
123 141
28 39
23 94
62 178
144 86
35 219
146 112
81 42
