187 211
405 267
82 41
197 541
363 333
36 906
136 372
9 937
49 670
464 353
8 258
434 809
475 797
13 553
467 621
487 221
386 862
93 117
440 194
287 347
264 379
282 492
164 646
74 295
304 819
490 75
118 392
340 637
198 670
380 511
339 305
325 215
298 291
331 300
341 78
438 368
364 235
381 489
9 632
222 832
266 620
308 446
141 465
300 345
465 238
344 426
213 231
420 342
106 975
410 539
462 344
492 699
184 821
286 947
441 521
337 866
143 195
136 378
429 198
393 430
466 784
312 956
48 272
335 895
419 373
115 137
1 322
18 401
135 43
403 906
422 840
397 325
259 592
290 46
12 817
164 974
5 185
178 196
198 661
442 394
473 829
75 444
221 245
198 354
334 436
24 552
217 615
71 43
112 903
456 841
405 330
204 623
68 154
405 390
68 49
305 475
259 192
129 184
462 483
187 223
17 196
390 589
343 207
39 397
72 225
173 179
13 514
269 275
170 485
108 764
300 746
264 943
440 402
135 850
411 137
460 336
458 898
56 257
190 665
211 37
276 403
239 527
82 24
376 59
143 10
101 246
452 241
199 705
127 802
104 39
462 460
400 780
103 209
101 318
130 607
298 359
103 162
77 652
215 196
44 370
220 432
387 594
263 92
403 457
299 121
392 417
111 576
473 530
90 761
246 531
165 672
171 378
194 536
152 325
204 726
35 72
428 95
335 172
206 792
351 312
253 923
136 948
261 640
166 715
197 266
246 740
388 903
341 460
303 297
88 610
233 860
227 941
15 752
349 851
243 212
161 324
426 109
446 65
422 143
399 648
71 650
391 208
13 314
375 939
156 857
228 604
346 35
279 281
