191 91
75 344
43 105
97 156
2 84
92 188
30 288
117 277
178 363
71 148
37 312
98 97
57 135
30 350
162 128
158 186
141 99
70 158
98 104
89 76
62 17
15 122
92 202
53 97
40 139
120 250
39 26
42 236
142 362
107 275
17 98
107 80
1 112
72 325
86 242
118 239
119 41
114 179
38 32
164 95
29 161
141 190
79 116
146 350
26 38
116 53
176 47
75 298
2 23
19 261
57 40
170 167
76 108
126 327
57 19
124 89
64 278
103 327
151 112
31 33
172 354
59 284
93 325
149 84
158 16
51 198
52 138
104 221
63 165
140 336
15 120
137 156
143 155
71 215
39 338
45 359
143 294
29 325
155 16
138 79
79 61
133 239
91 27
50 145
152 264
95 10
51 69
59 258
148 298
55 362
4 349
37 350
96 105
123 166
86 139
172 39
25 332
82 199
172 109
135 23
18 274
91 27
4 178
171 15
161 59
20 109
94 183
7 195
29 335
124 6
149 134
100 137
23 68
25 190
12 160
41 30
115 240
141 11
72 228
61 346
44 108
100 42
41 44
100 188
38 131
41 55
131 241
11 64
127 81
97 275
146 173
146 354
133 300
45 285
1 10
16 362
181 242
13 233
142 104
50 244
38 137
80 284
140 165
66 180
178 291
22 270
112 215
157 356
87 199
33 8
9 3
116 146
129 341
95 53
143 161
84 114
43 229
134 233
89 334
42 265
31 365
23 25
180 274
183 189
39 10
84 21
149 73
137 249
43 215
161 181
168 28
136 142
31 164
119 303
46 309
45 116
62 303
72 234
71 305
132 330
180 201
60 227
9 60
122 93
59 287
164 167
79 175
41 98
177 147
103 116
178 156
10 150
