189 174
60 107
188 400
99 442
189 492
129 375
209 456
186 150
165 121
97 300
15 260
112 508
132 277
194 310
96 208
177 270
4 109
70 357
5 243
219 389
147 123
75 3
106 351
120 398
185 432
131 363
1 304
175 273
238 53
256 429
15 86
24 182
1 462
44 227
85 408
255 257
202 230
38 254
51 203
163 180
113 180
70 30
218 131
207 369
67 20
129 270
191 22
142 393
133 13
7 258
14 36
58 293
51 19
160 353
219 169
176 107
165 199
69 377
38 511
245 357
41 200
213 416
129 7
199 276
202 17
192 361
182 337
88 136
182 58
160 53
188 501
239 84
53 224
174 384
78 388
164 416
71 48
5 65
156 199
193 427
8 438
243 480
202 505
118 318
89 506
251 230
90 9
11 333
78 32
25 194
63 358
212 175
40 132
98 254
11 491
2 499
165 223
178 76
64 205
223 319
256 373
154 453
195 333
111 438
60 17
73 41
34 464
26 320
47 34
19 394
5 85
176 171
211 69
244 395
248 321
82 259
37 375
244 135
214 380
111 295
219 194
33 126
228 317
110 268
30 367
84 297
61 209
77 35
35 412
66 267
238 90
92 195
46 165
35 428
245 366
184 146
248 263
94 241
179 224
132 387
242 36
8 314
255 490
148 11
56 508
13 373
112 487
129 263
230 106
132 489
19 30
140 102
94 14
22 145
77 180
138 426
248 223
212 476
58 289
5 131
65 505
210 466
193 230
59 512
136 485
39 292
186 361
203 345
205 80
225 97
32 409
18 265
64 86
225 134
228 12
205 164
162 164
149 237
201 287
235 136
12 315
187 263
224 25
204 420
117 476
249 78
130 47
66 193
175 475
89 59
