185 41
325 501
180 319
358 621
92 714
203 145
115 595
140 723
235 78
92 162
165 333
185 125
347 624
211 698
354 308
300 4
262 697
19 647
330 214
312 601
105 539
50 577
238 521
127 518
140 112
111 705
286 483
48 109
108 733
348 355
327 389
10 469
298 276
310 229
85 400
165 311
261 329
116 621
112 343
154 460
191 385
200 520
144 519
367 334
207 738
66 13
111 651
297 236
336 156
346 200
230 685
102 675
369 155
201 620
44 346
251 538
59 371
62 409
280 439
33 333
270 79
12 490
326 588
285 322
151 145
2 20
170 330
89 167
341 581
228 685
285 677
9 184
187 365
294 451
215 241
41 636
363 416
261 69
64 376
273 334
277 17
320 103
281 135
34 34
126 335
91 62
51 655
334 277
160 81
350 628
271 476
291 105
165 474
43 182
317 519
226 640
20 524
297 355
331 248
349 500
284 127
275 436
365 111
94 655
10 475
110 729
188 403
171 202
127 23
60 684
235 255
189 369
277 703
338 204
222 8
188 440
292 426
174 228
155 445
172 347
52 569
227 528
56 479
28 327
367 455
202 696
298 73
21 23
101 193
58 137
225 177
94 238
360 386
336 528
193 331
122 156
338 166
22 316
74 733
143 381
139 338
303 585
77 388
34 606
202 345
211 5
177 360
316 535
359 357
23 164
130 404
111 454
300 336
158 548
340 57
182 317
305 471
185 520
74 678
292 88
330 47
196 651
8 661
123 54
133 582
360 544
198 377
217 519
21 195
141 23
105 143
304 351
59 463
199 464
103 483
195 290
324 645
93 705
140 726
353 714
168 177
37 381
184 177
40 440
216 251
236 419
