192 498
142 432
472 1096
177 507
181 1041
360 213
542 250
326 331
399 895
273 23
294 905
65 112
284 161
355 1009
475 363
331 721
279 304
142 296
122 435
424 82
510 269
148 11
432 893
538 1104
326 682
195 826
21 434
7 1010
14 252
474 964
181 582
435 813
210 821
86 705
269 761
398 397
500 316
534 918
475 746
441 101
123 670
185 952
74 648
480 988
196 262
229 66
28 462
456 999
151 869
462 659
404 139
24 503
137 1033
65 162
320 38
296 278
462 1042
450 629
466 447
197 551
506 979
128 42
318 465
134 679
459 263
525 514
107 182
256 662
165 73
298 270
94 434
48 973
275 378
70 885
442 797
438 29
357 34
100 587
404 432
529 97
315 538
268 870
8 283
511 572
1 987
373 316
93 243
257 354
543 85
106 252
32 555
34 69
387 1026
52 515
122 246
536 535
23 492
247 260
459 26
36 8
440 669
90 538
161 802
57 154
278 228
413 803
4 116
197 68
497 900
406 1042
64 718
520 549
99 537
340 136
442 886
279 1051
253 801
479 926
537 440
272 231
466 465
90 740
169 995
32 715
333 769
79 632
187 962
189 67
143 357
361 213
459 322
100 1055
477 202
503 354
436 135
85 406
119 929
427 600
107 791
277 75
417 75
200 962
228 604
359 456
375 329
9 503
536 396
1 795
107 415
244 530
371 496
227 663
314 31
266 349
356 332
288 586
191 397
517 964
383 988
498 40
488 378
140 582
515 669
399 808
389 691
417 1078
313 226
374 1085
162 545
407 988
484 229
377 850
36 14
254 901
386 772
229 702
234 331
339 942
362 517
4 551
258 294
184 833
29 651
156 910
281 898
177 339
149 611
64 980
6 272
281 405
170 918
27 203
485 168
