193 389
54 796
298 245
19 733
252 61
432 848
36 331
223 654
223 773
271 810
303 153
385 431
32 310
240 848
233 762
185 753
38 97
43 312
201 594
117 760
126 833
268 835
115 575
404 76
274 660
302 174
110 453
43 908
142 819
40 641
450 800
439 154
155 762
318 331
455 83
420 808
381 144
152 273
11 223
452 369
435 119
180 277
370 573
77 201
86 110
83 954
8 549
263 401
270 797
203 389
426 833
14 499
246 931
347 665
353 438
470 234
134 57
138 62
306 620
238 42
272 640
170 589
329 665
208 508
416 526
158 772
436 725
358 587
166 19
111 808
129 351
468 540
168 805
277 549
20 765
244 512
277 358
131 905
346 32
264 230
356 551
321 896
469 799
70 688
343 541
225 654
460 859
186 643
120 483
168 585
323 380
308 532
182 123
202 953
413 299
220 158
367 563
18 642
39 73
79 890
105 358
206 775
296 931
256 912
74 868
125 497
370 443
415 70
443 612
213 36
55 47
285 552
419 692
304 386
60 624
30 296
42 400
318 370
364 790
414 800
325 369
474 545
367 121
273 226
455 895
149 279
118 350
353 947
162 462
67 682
15 682
357 112
26 750
341 312
310 915
154 135
335 689
150 725
389 245
419 16
96 318
329 115
388 151
315 330
333 350
457 627
7 795
466 449
123 859
255 167
449 801
430 452
263 93
167 363
13 70
377 764
452 733
104 633
265 897
213 151
180 201
208 549
295 874
343 46
4 352
379 528
112 90
368 164
418 484
426 240
271 686
468 384
14 684
450 183
131 900
105 20
261 669
62 65
335 71
398 671
155 20
255 721
322 900
30 757
279 492
80 236
404 882
319 622
382 810
62 385
378 820
154 165
179 180
183 387
