184 271
13 465
243 521
434 321
380 651
389 531
489 891
418 210
218 954
210 870
458 413
113 762
330 535
221 599
15 563
205 304
292 783
343 256
316 961
468 863
340 245
463 365
23 324
20 867
461 742
217 741
164 683
100 847
191 336
86 966
487 178
187 548
182 583
12 833
463 672
437 123
65 932
95 440
433 538
93 928
115 959
483 270
346 705
22 707
16 735
278 263
365 48
136 121
318 507
291 456
470 716
313 912
350 630
347 959
116 390
390 729
418 280
493 307
210 49
13 195
60 268
227 194
495 42
42 228
436 81
34 173
211 1
410 646
352 468
303 868
271 976
241 267
190 280
7 949
332 459
369 512
28 338
21 291
395 78
361 620
359 5
353 51
34 867
471 757
196 290
68 791
305 586
218 767
372 847
352 304
297 880
253 46
383 812
342 884
70 368
383 189
138 531
139 334
406 235
275 896
448 370
106 361
132 980
119 158
377 986
465 46
464 953
126 843
131 300
215 746
175 712
146 294
24 765
21 373
168 683
394 650
282 225
120 362
257 620
153 886
26 290
20 493
58 332
284 441
234 465
124 513
396 903
310 84
208 936
460 36
306 672
349 322
8 843
7 617
493 388
407 260
5 511
273 616
351 492
375 747
301 362
183 200
12 972
375 864
145 855
261 636
275 555
227 653
222 989
6 364
372 952
66 534
244 462
357 636
118 258
218 91
245 640
368 694
276 385
215 460
25 989
405 485
364 400
29 204
441 382
229 580
437 651
62 966
276 60
50 322
32 271
38 114
145 204
166 622
12 397
185 985
398 595
359 459
114 488
419 374
426 380
430 121
235 745
432 652
74 654
