186 35
35 711
185 526
78 62
203 417
117 485
152 307
123 384
82 251
287 595
162 675
177 469
53 14
19 500
262 207
357 588
149 133
261 329
206 456
216 530
71 615
101 259
137 493
141 102
325 287
359 467
93 234
367 262
306 129
348 387
242 505
57 190
302 571
93 471
42 94
353 707
41 504
59 186
47 551
346 104
193 367
7 203
229 454
115 347
228 358
132 324
197 320
92 166
3 109
206 314
236 131
278 384
344 513
285 228
250 400
33 424
136 217
176 521
14 13
311 691
126 337
349 372
333 620
253 35
220 264
242 510
208 1
4 621
343 214
209 718
73 406
218 473
314 185
92 611
202 36
349 325
163 647
293 6
13 713
16 599
122 572
35 565
184 557
288 723
320 87
1 687
338 427
234 372
169 542
143 3
291 558
15 238
19 76
277 7
91 404
48 436
172 555
265 534
33 643
200 726
55 712
342 511
322 314
129 516
320 660
149 606
139 417
36 474
275 109
274 121
88 582
203 144
203 400
122 456
137 158
352 219
279 606
49 699
109 636
268 377
12 170
142 13
168 348
357 490
289 273
365 216
302 441
351 529
323 254
225 561
256 677
139 138
303 696
140 441
106 213
172 353
6 494
257 607
156 146
42 285
142 346
107 409
116 398
255 211
73 507
100 66
168 158
319 92
280 581
34 82
196 314
247 357
252 706
136 702
360 407
240 607
20 665
15 715
101 597
66 28
367 715
224 77
215 298
23 334
167 687
170 292
24 508
343 213
93 61
288 390
63 556
152 191
235 90
332 87
360 200
320 150
128 309
268 645
184 18
321 503
140 519
91 132
228 239
255 453
128 694
328 706
62 456
