197 255
489 529
441 493
195 480
450 981
396 365
390 865
370 478
418 916
242 852
42 773
94 894
197 796
158 301
163 618
118 834
62 335
194 156
156 172
422 514
157 36
459 453
461 1009
461 177
56 125
228 96
432 384
136 387
270 519
290 295
242 237
436 195
219 264
477 243
266 147
115 767
237 889
126 369
397 273
17 401
477 274
22 725
448 854
63 831
157 789
428 546
376 764
264 617
372 331
491 143
452 659
456 718
246 389
180 129
174 1
187 48
318 110
85 462
43 648
131 119
26 1039
238 521
22 639
494 485
342 1035
115 201
48 861
347 684
394 586
425 369
399 120
42 630
519 940
329 81
332 842
461 35
370 257
188 728
356 909
42 458
345 10
299 140
240 659
150 350
200 45
47 980
239 717
106 637
424 229
399 860
527 263
472 244
170 450
498 887
381 138
449 984
193 733
257 270
474 559
367 96
272 737
448 183
164 297
286 801
470 431
115 967
150 480
364 779
241 981
192 352
262 312
392 1035
461 263
503 653
10 945
349 744
129 1056
161 1039
420 456
23 36
503 819
117 77
510 77
332 209
311 974
371 186
277 1057
33 495
369 621
371 964
96 837
503 593
238 444
449 903
5 124
221 191
517 132
131 588
28 837
229 551
131 542
15 72
155 471
326 402
448 138
299 308
269 527
405 872
40 962
34 458
523 238
463 742
236 41
434 105
223 467
14 400
198 928
491 144
287 550
132 423
177 982
459 200
238 670
227 599
283 727
13 54
417 745
421 439
266 510
432 428
388 68
483 636
301 340
170 181
352 817
238 130
323 887
127 617
194 767
359 712
373 698
10 311
10 371
374 98
127 281
392 294
110 552
360 571
221 34
258 850
255 848
455 832
468 878
143 823
178 490
255 700
386 76
5 580
