200 90
296 716
150 564
121 24
369 653
19 418
53 583
323 637
97 111
139 502
3 261
113 732
355 105
47 647
194 22
342 647
325 464
32 216
298 19
240 264
300 168
24 181
344 640
101 18
306 555
115 182
207 454
300 441
93 164
243 168
348 484
208 4
369 347
138 95
310 500
329 332
136 585
303 514
345 544
110 624
147 249
33 742
27 556
310 331
259 87
184 359
175 428
81 100
311 651
63 69
255 698
26 693
130 137
210 57
316 500
109 154
1 134
18 222
266 747
343 75
220 131
149 25
90 381
140 467
234 330
344 351
109 221
325 24
27 131
267 138
63 355
27 724
12 313
27 533
359 674
97 49
170 622
140 429
363 627
71 635
336 555
59 490
34 397
240 160
67 349
50 220
80 267
41 253
368 546
348 32
132 141
294 630
59 336
277 657
373 134
182 116
60 425
172 250
219 335
170 745
161 655
148 714
360 249
140 146
37 317
112 742
142 64
88 284
16 399
139 377
222 510
316 325
357 465
277 420
194 24
327 690
5 515
325 536
112 64
59 382
10 131
34 359
159 78
229 56
223 560
244 263
37 222
219 642
12 32
5 289
239 142
152 681
274 224
69 379
155 292
77 66
340 622
15 417
70 504
119 142
17 585
159 33
159 116
355 311
49 288
161 84
320 550
259 510
363 535
76 735
310 443
63 684
56 417
363 192
359 308
168 178
145 379
167 720
256 504
161 100
304 715
112 490
299 262
337 344
5 488
178 387
325 586
209 709
110 634
187 328
64 543
116 443
165 534
249 119
340 120
202 408
371 409
124 556
165 592
179 391
45 6
287 327
235 297
109 312
6 465
19 106
76 22
7 235
188 595
255 458
173 212
190 739
334 353
33 306
76 433
256 112
372 205
88 389
116 364
118 719
332 635
