195 415
66 312
408 791
125 919
66 712
254 1048
9 844
497 620
435 263
269 294
243 415
21 527
488 215
75 778
354 64
131 787
102 575
192 438
387 418
503 1083
517 1062
248 603
192 82
62 89
8 1075
111 171
320 251
388 1032
446 178
81 816
423 660
318 21
296 282
510 15
432 365
85 917
461 192
407 148
531 71
416 116
145 811
69 1010
471 1013
312 478
21 384
507 18
518 286
185 798
332 522
431 773
127 832
8 354
328 1059
45 684
2 153
396 951
381 534
313 1006
333 538
345 308
500 254
478 81
495 34
436 357
271 766
517 220
323 473
300 291
433 1033
411 443
134 981
326 72
129 147
299 82
396 64
528 546
278 937
396 757
236 866
292 339
152 887
201 893
444 947
168 549
15 853
13 444
74 1035
111 141
159 75
72 850
496 67
167 248
476 1059
402 542
470 40
133 708
72 75
303 940
466 667
154 240
181 1058
1 1052
235 772
334 1072
326 158
303 285
440 521
245 360
258 906
528 909
475 332
193 941
248 806
186 448
233 915
61 13
461 293
63 31
415 143
426 382
425 32
283 647
60 733
428 1044
62 295
356 239
396 108
171 200
86 539
278 543
199 615
512 686
382 456
301 363
384 430
278 1083
292 468
263 206
419 690
135 362
189 247
172 922
42 1084
542 963
528 64
137 999
342 259
295 873
109 481
94 496
363 324
500 1072
387 364
522 345
438 836
312 575
200 727
8 232
291 233
220 61
501 285
258 664
77 232
368 1084
526 137
218 246
193 423
414 768
451 77
513 748
277 931
233 734
362 313
514 651
211 528
246 119
232 106
159 790
234 319
475 64
30 755
46 43
302 726
84 534
473 283
60 342
442 1046
308 576
170 123
486 430
285 442
173 115
43 253
148 791
25 439
402 319
