203 177
69 208
172 138
54 498
88 211
337 144
212 548
52 441
111 77
236 95
282 270
45 84
233 549
4 507
119 379
318 121
270 377
3 420
51 107
38 97
82 193
189 362
144 640
307 540
162 483
108 312
37 242
89 145
102 248
273 545
163 441
195 169
259 157
97 109
296 157
317 460
306 499
327 67
13 174
18 382
308 355
221 679
269 233
250 577
325 65
107 87
275 396
239 468
234 105
21 572
258 652
303 86
77 267
305 278
143 607
246 376
79 117
220 30
21 383
44 567
324 694
84 86
183 128
246 22
21 8
57 84
248 110
296 605
107 52
11 452
272 76
151 688
139 111
47 232
158 109
149 247
60 453
78 668
12 381
19 490
234 442
180 315
18 148
109 94
60 378
141 391
275 372
67 366
237 93
101 417
161 651
240 551
191 187
154 185
253 95
120 307
156 35
131 253
339 664
89 257
72 234
72 637
177 535
258 337
285 179
222 107
307 154
292 182
237 276
8 542
5 119
264 163
191 331
331 349
113 66
276 94
61 658
166 199
15 627
128 35
106 553
343 505
100 196
71 433
19 472
104 669
227 327
345 333
344 602
324 334
231 294
330 670
156 41
119 609
181 122
10 234
282 571
218 384
293 302
207 206
182 690
304 354
289 435
240 556
255 11
334 39
62 645
192 110
172 626
200 441
166 447
129 218
13 377
200 442
331 135
24 598
106 364
18 54
194 368
317 449
165 234
325 365
294 537
161 649
219 492
232 324
261 4
186 691
308 312
244 401
276 246
51 482
298 49
82 610
223 291
161 359
324 426
103 627
103 60
336 673
115 219
151 193
177 320
250 491
166 162
272 640
322 595
146 349
317 106
289 573
215 188
155 317
295 300
227 617
264 98
26 10
83 255
100 561
119 563
144 87
264 292
182 597
66 520
151 520
