196 388
65 718
299 453
490 663
109 949
327 230
181 486
184 717
397 104
473 897
185 932
338 314
27 50
194 114
22 80
21 891
500 82
44 272
5 317
267 244
168 782
15 492
155 280
45 817
92 952
214 382
166 676
354 999
107 481
184 72
499 236
11 879
251 379
463 557
231 774
137 41
207 170
299 498
365 584
275 45
501 438
346 398
452 795
373 675
365 448
556 429
62 402
259 382
279 1083
393 755
340 467
76 73
216 541
41 796
155 681
214 997
346 817
348 809
85 987
206 907
341 170
195 934
400 176
297 583
104 33
304 1020
440 653
550 159
553 1087
123 486
249 941
41 608
202 170
375 1116
106 1016
504 164
309 348
462 716
432 450
515 236
215 998
273 894
509 371
557 92
500 579
53 878
320 704
282 331
278 114
346 1121
541 1026
511 358
394 699
560 575
146 727
430 513
36 257
388 809
89 266
214 354
504 1112
127 429
389 884
57 947
205 875
52 296
295 1013
101 173
282 507
36 209
255 106
32 61
421 583
411 788
230 694
239 216
117 308
12 978
441 579
227 1096
134 701
442 944
219 667
553 833
237 986
343 909
194 854
48 249
289 1019
512 1003
343 797
557 767
249 212
144 938
241 636
260 132
387 120
180 956
439 579
316 299
415 456
228 548
497 406
470 922
97 993
137 1080
184 989
167 1074
397 562
502 473
350 588
76 26
344 1082
369 6
385 1029
391 142
541 399
393 439
266 950
358 426
294 977
455 176
422 762
294 824
137 805
405 773
405 276
6 963
206 1025
113 321
62 681
483 48
72 144
273 177
221 1040
73 285
89 293
388 919
122 271
376 1004
388 580
366 235
217 649
244 21
389 1096
369 882
510 378
52 815
475 366
50 695
483 1096
519 465
158 897
141 1057
246 1115
172 850
515 513
