199 273
333 429
288 95
94 324
383 871
107 610
188 411
48 764
356 74
65 442
368 867
193 741
93 342
330 472
540 973
478 25
188 1104
164 797
77 737
268 819
339 578
302 692
131 78
297 860
276 126
374 35
382 401
106 313
319 1017
434 589
539 365
539 49
241 351
272 758
75 588
530 854
548 1146
70 659
100 723
273 446
348 1064
213 150
564 1077
374 318
361 266
157 1047
188 882
399 737
396 945
550 360
174 873
449 322
115 159
410 414
51 398
214 642
216 518
277 480
484 132
399 969
378 19
64 508
564 321
19 748
254 995
273 184
296 231
169 273
573 1107
253 702
99 153
8 1038
451 513
285 442
262 359
52 635
371 370
339 768
94 976
254 277
7 418
438 1147
21 775
567 1036
391 580
233 471
479 1033
13 816
240 476
280 63
99 552
287 893
491 102
90 753
551 1091
306 65
190 621
192 699
344 600
254 347
362 490
358 838
317 11
493 421
187 246
578 820
548 164
287 746
252 619
496 1017
4 595
440 1142
264 984
427 202
58 587
40 324
497 237
118 568
346 63
494 483
511 876
515 530
349 1115
228 885
148 305
351 772
490 1077
564 131
454 534
515 1000
415 659
424 397
227 890
285 645
289 1010
194 682
119 427
109 760
254 608
112 1093
383 800
441 523
411 763
436 916
348 594
401 144
341 606
402 611
9 469
158 822
197 732
531 210
138 882
521 288
542 263
486 868
233 256
49 506
314 983
392 606
206 362
50 605
38 920
528 995
407 477
530 712
154 216
260 871
243 754
116 42
437 558
163 593
277 258
116 868
517 695
557 1107
171 810
74 198
229 574
466 874
418 962
120 908
496 199
480 692
552 739
340 258
562 489
524 325
519 219
363 114
101 540
245 682
57 480
116 284
153 1021
312 706
101 640
485 965
573 1106
143 887
