194 138
319 477
329 464
143 420
340 205
12 350
210 204
82 136
285 106
272 170
71 669
212 636
118 334
346 383
311 460
323 370
329 319
226 257
288 585
269 598
138 132
334 338
306 398
138 634
263 483
201 393
173 287
27 388
325 639
111 639
265 48
259 528
167 445
112 98
7 690
224 592
18 283
138 6
305 541
331 197
296 274
262 325
325 380
234 97
257 231
122 465
267 646
62 436
21 180
79 74
98 340
318 97
318 373
162 404
38 476
324 54
341 577
254 552
110 477
100 81
216 20
64 137
284 616
191 88
285 632
246 69
168 45
52 693
169 576
247 435
110 663
312 400
135 668
198 349
18 48
235 518
315 509
268 215
58 422
210 643
64 487
103 389
311 584
266 647
318 547
254 69
143 425
68 615
111 558
203 289
45 434
40 86
70 64
85 271
22 556
146 686
95 468
224 540
14 683
251 391
298 534
165 13
278 68
100 117
27 206
240 555
232 657
88 503
38 297
236 119
31 242
215 477
305 445
240 487
149 656
310 50
213 635
216 233
249 167
27 148
326 39
106 403
19 381
157 136
42 173
253 694
140 142
192 115
80 546
253 568
224 611
134 471
56 56
112 519
289 217
78 119
228 173
219 163
338 585
270 219
218 311
28 283
315 272
144 183
329 192
137 592
71 541
268 38
273 111
255 536
297 539
62 180
217 477
103 102
143 412
211 1
283 603
19 509
180 377
175 192
214 565
96 222
102 493
305 448
200 154
234 306
283 532
274 114
290 621
186 513
218 413
329 138
193 178
274 109
164 646
278 120
150 440
2 385
4 58
118 325
86 97
100 529
62 52
74 490
165 127
125 121
272 123
238 409
318 451
84 357
124 416
302 651
219 211
128 219
234 198
