202 316
19 528
316 620
88 294
149 198
313 36
202 50
236 665
190 679
137 269
148 425
229 203
278 252
302 405
79 638
4 286
233 551
320 511
279 650
258 289
68 618
47 341
173 244
29 223
53 443
312 135
199 417
133 21
212 606
151 71
47 355
63 6
221 613
285 156
22 154
194 487
183 638
179 557
126 154
321 141
8 659
173 681
274 509
240 85
316 29
283 246
321 434
53 284
332 217
211 564
137 288
126 308
171 659
176 249
115 110
252 617
181 123
227 327
286 307
123 133
27 460
143 542
27 223
125 74
136 256
339 97
197 298
169 193
303 582
182 464
198 119
335 395
284 6
49 556
280 292
19 254
298 651
330 222
219 281
201 63
105 244
310 628
188 175
205 513
229 225
320 16
285 49
272 563
92 475
336 362
287 352
151 466
324 328
334 142
227 281
170 384
158 416
40 285
101 694
197 214
162 698
153 166
77 219
242 499
228 61
81 285
74 684
71 476
226 344
296 21
319 562
91 126
132 419
134 345
265 126
20 371
90 543
6 542
328 502
10 169
242 386
58 654
331 415
182 89
189 451
105 73
304 19
312 504
51 274
77 295
294 272
295 620
133 200
268 213
230 18
228 422
1 126
212 316
301 564
120 398
85 426
201 100
232 11
116 35
199 301
26 433
231 277
128 290
305 283
93 246
232 568
172 333
309 360
104 2
269 543
193 136
95 300
187 310
50 272
41 654
211 47
146 661
197 498
245 518
270 38
289 99
264 645
230 627
311 220
345 313
165 233
23 322
32 156
136 462
33 328
201 419
268 271
121 539
26 692
171 405
102 90
139 435
301 136
163 302
177 91
174 9
106 46
179 128
247 175
194 582
26 252
267 450
189 396
54 524
323 389
46 316
78 315
329 559
47 327
174 454
131 650
215 628
100 52
