198 143
80 259
152 233
197 436
41 256
121 276
21 240
88 437
83 89
204 78
141 325
57 370
49 101
160 167
109 306
56 27
68 353
153 290
105 254
91 40
78 338
130 144
104 35
203 342
124 37
173 21
45 354
15 72
181 406
56 171
186 397
216 151
173 371
44 383
88 64
54 177
190 190
203 436
121 126
137 14
159 171
69 292
159 363
40 247
157 168
108 213
143 213
209 404
52 252
102 101
217 247
99 209
8 112
214 315
205 51
121 314
53 19
11 150
202 139
189 14
114 353
143 211
135 179
3 361
74 247
35 101
70 122
30 54
6 381
94 425
184 347
35 72
72 405
225 324
134 206
200 137
205 223
119 47
204 7
69 420
210 346
176 306
143 198
101 17
53 284
54 319
18 198
118 65
47 433
116 301
71 55
23 201
207 254
104 2
72 337
202 274
212 107
47 347
7 242
61 422
211 302
41 164
9 138
68 233
176 237
91 154
177 116
96 244
174 378
27 360
1 140
54 233
143 375
154 35
108 26
149 10
210 249
145 276
133 374
98 438
202 301
136 159
181 270
121 316
144 432
167 65
26 147
100 1
187 342
9 331
215 166
166 19
89 380
49 135
98 3
52 279
195 276
12 4
153 209
61 266
176 61
68 349
89 56
46 51
11 224
12 118
28 353
190 229
139 373
176 325
59 322
200 229
192 404
130 207
222 432
214 400
71 248
53 407
202 433
133 88
189 388
37 348
180 406
139 118
72 191
212 60
17 387
36 342
130 406
46 32
151 29
178 29
99 209
42 3
207 242
64 263
107 86
6 74
86 75
126 50
197 143
71 236
204 219
98 46
206 383
62 237
95 248
25 209
139 337
176 129
57 230
210 90
33 414
112 314
12 277
80 42
10 275
176 423
189 367
