201 200
231 293
369 256
165 655
180 747
220 545
298 681
224 520
215 196
145 87
252 154
202 219
88 183
254 383
135 13
88 212
163 688
370 500
97 120
275 413
300 653
105 324
372 94
219 53
68 166
297 574
140 519
166 673
211 184
190 749
241 113
317 171
151 740
272 572
362 46
303 603
33 542
227 265
22 604
190 569
65 359
56 386
26 544
190 222
35 538
212 238
189 576
14 720
110 333
219 394
267 699
282 163
322 420
93 404
342 732
89 202
371 713
348 501
176 8
285 381
159 138
315 484
264 496
335 704
221 99
29 547
296 507
365 117
272 644
177 430
186 7
130 213
113 198
241 115
241 508
174 431
358 664
379 740
159 251
54 662
339 109
219 446
75 731
223 117
239 633
52 175
97 644
355 283
277 530
58 81
208 9
228 721
3 75
299 609
135 269
277 369
183 498
162 80
286 419
130 524
154 163
158 672
322 56
49 183
119 695
9 15
312 232
127 714
366 21
200 723
27 483
204 576
50 398
378 212
141 116
223 558
208 401
303 118
213 115
158 96
38 631
259 172
364 329
164 338
121 452
376 29
130 614
141 622
375 183
244 68
151 293
225 348
287 308
209 327
366 113
124 590
84 490
293 510
57 672
3 694
345 414
327 510
275 270
155 728
40 67
99 465
259 176
185 361
168 212
373 407
81 126
182 194
344 569
162 67
370 665
93 594
132 6
108 280
24 115
167 1
99 24
259 197
225 480
70 113
128 246
45 266
325 8
372 465
188 62
38 57
166 731
42 645
59 253
26 133
69 192
348 594
167 617
324 289
95 434
164 406
44 684
211 355
95 661
250 416
190 45
10 430
176 495
230 625
214 401
119 154
325 676
252 49
165 318
132 387
347 31
338 552
272 519
288 265
16 739
146 478
132 627
311 378
