205 125
53 316
417 345
468 594
243 452
71 609
47 1073
492 912
271 439
377 779
115 35
444 195
205 478
425 1005
335 405
452 390
411 685
217 1015
234 465
301 9
430 869
130 887
353 567
239 788
139 186
460 868
30 278
87 1066
318 277
337 418
274 356
485 708
2 90
421 109
167 89
552 609
229 961
458 1101
201 516
367 80
202 644
480 744
432 206
219 145
63 88
488 144
54 499
486 441
25 314
395 618
48 819
382 722
464 473
422 340
73 522
290 521
21 128
98 871
75 8
515 967
154 725
366 841
558 579
161 1113
132 1053
439 1057
276 907
443 902
270 818
209 1111
414 929
187 449
97 1104
112 340
80 973
396 695
558 156
236 1031
495 162
217 439
135 943
506 1032
530 626
214 41
106 377
394 899
431 506
326 186
84 228
437 185
529 652
67 102
403 464
60 946
315 89
79 999
111 581
144 666
503 486
257 508
516 417
311 889
30 726
5 557
171 327
38 1041
401 948
179 430
328 953
46 287
80 1107
142 822
114 767
57 400
508 1056
141 929
530 568
127 365
533 881
81 152
381 112
475 905
146 207
556 546
409 1094
147 566
224 730
542 1060
108 1005
297 530
135 822
4 209
231 942
319 1112
206 1012
432 584
478 302
365 1028
109 910
164 795
399 165
53 300
286 8
137 1006
140 998
80 379
340 996
124 25
496 27
350 15
299 588
440 1030
317 13
100 817
549 1032
247 383
471 296
261 202
104 1049
29 423
177 23
235 1003
26 953
250 226
445 591
158 949
53 473
441 1079
361 773
62 974
521 570
529 496
413 220
13 314
514 856
406 92
135 1030
172 806
56 1083
394 337
428 906
370 461
13 558
260 373
160 263
192 735
12 501
111 253
451 105
471 649
200 66
132 621
1 444
496 945
101 170
472 626
535 65
194 191
199 96
133 723
125 433
378 1000
358 831
222 867
358 158
533 964
