207 406
412 503
353 736
54 780
282 783
58 148
123 279
425 934
544 844
153 233
421 420
68 509
103 870
183 605
100 791
2 533
326 720
582 190
397 880
560 723
590 1168
66 1129
272 7
193 815
327 119
18 520
529 899
122 587
474 431
190 942
16 613
284 311
305 272
5 474
513 251
416 979
16 950
399 1051
194 965
403 934
590 35
175 61
306 572
462 1114
569 717
102 213
400 961
417 906
101 343
451 507
431 624
454 613
319 230
124 24
128 230
75 802
521 62
186 910
595 559
296 722
117 433
493 959
373 1116
145 577
29 462
54 526
492 1191
361 586
433 294
479 609
72 1030
16 331
142 69
53 736
333 1056
213 358
378 388
92 698
184 298
545 669
17 304
46 110
436 78
107 594
571 992
257 281
425 125
446 409
406 442
245 692
66 157
346 832
271 647
587 98
296 359
357 25
550 173
449 438
157 845
321 90
335 669
213 497
206 417
80 1101
374 773
127 262
8 58
158 564
441 1124
380 293
439 573
149 246
407 518
96 661
443 790
28 694
230 744
564 666
580 261
14 140
380 911
81 1125
395 298
22 544
421 861
394 47
111 1079
5 473
208 1178
225 1186
221 960
115 869
213 129
488 726
408 742
50 1048
77 1124
325 643
419 436
495 769
4 831
258 353
401 340
32 973
176 812
382 327
263 541
25 735
587 982
440 724
12 89
65 159
412 217
130 927
440 1181
593 784
314 141
278 372
480 942
300 158
436 557
59 762
259 103
309 117
274 507
304 292
345 242
37 1002
228 510
452 449
407 956
326 1155
401 846
302 833
497 1036
429 854
316 665
24 793
393 215
365 1143
382 742
19 913
410 994
380 199
218 775
557 871
198 239
134 556
208 545
447 1180
308 167
552 285
329 1172
468 171
461 74
461 1048
128 384
370 904
90 1054
243 788
67 1004
473 777
93 360
304 379
14 618
540 517
335 1030
316 834
