210 41
105 454
14 272
108 144
128 58
99 15
51 89
207 277
48 354
179 30
100 260
212 51
224 468
188 160
196 47
58 198
112 451
163 193
121 72
111 352
155 141
201 238
109 392
187 108
195 188
100 184
37 110
185 115
141 314
103 131
81 343
167 118
204 470
35 386
72 290
157 132
75 117
100 323
131 473
126 205
115 339
106 412
41 479
179 232
126 370
184 98
69 425
71 36
26 302
200 45
220 233
4 335
181 156
51 217
159 61
41 395
23 215
157 123
225 257
235 52
129 390
166 93
74 324
213 476
44 421
52 56
201 275
77 335
164 266
74 328
39 101
209 267
43 357
211 157
47 19
72 163
58 378
75 308
98 467
208 141
36 405
113 192
23 39
101 167
42 248
119 353
169 324
64 461
58 75
57 174
37 409
95 210
28 419
208 483
229 80
168 376
167 42
24 341
41 452
112 308
197 235
205 360
220 211
167 94
178 360
223 307
108 195
3 205
167 218
134 165
66 160
14 307
192 195
53 291
185 414
188 269
212 295
172 90
189 276
56 415
98 139
216 431
221 118
165 388
109 388
149 440
192 115
56 146
25 373
182 143
29 50
139 301
203 304
206 2
189 153
28 133
123 288
228 131
115 380
218 240
99 175
106 202
72 309
233 434
133 397
1 262
137 150
96 444
150 228
229 220
149 188
102 186
75 69
89 270
105 421
149 463
111 39
178 250
152 75
12 310
236 191
11 252
197 217
55 179
8 196
237 338
122 276
23 149
119 341
33 38
61 326
47 201
79 67
208 461
5 463
110 109
115 363
95 216
216 213
60 178
223 188
41 389
70 333
26 72
10 353
99 100
71 324
159 244
28 333
18 380
195 475
198 212
57 215
3 358
9 29
56 344
233 406
10 325
48 454
103 200
181 203
90 430
235 178
33 438
112 80
211 209
149 257
196 155
96 350
184 101
3 378
