204 215
69 256
412 68
43 153
170 555
201 161
277 510
468 864
76 492
108 7
478 249
32 223
175 653
117 851
111 547
469 668
42 621
72 913
238 789
366 798
386 828
150 94
296 755
56 656
353 539
377 543
396 157
311 481
52 11
438 337
175 374
413 574
399 143
14 544
330 268
478 621
347 631
319 727
350 818
322 39
117 709
144 639
210 203
497 795
61 80
382 636
405 802
152 413
252 998
37 352
176 784
330 801
210 869
488 281
87 701
223 828
154 14
339 10
120 823
387 539
303 792
136 445
156 849
252 156
478 827
245 309
90 627
110 589
232 131
429 759
262 627
42 607
60 44
358 644
339 985
466 16
90 97
331 714
17 984
435 821
99 927
108 923
243 78
68 597
369 930
86 743
493 769
194 71
447 967
142 577
491 108
98 327
250 963
13 155
146 963
326 107
108 571
216 650
267 992
210 459
321 922
294 437
383 712
70 533
307 249
215 351
200 205
336 290
400 143
277 562
38 328
163 716
180 890
24 907
21 401
369 139
417 125
257 980
371 303
191 433
111 167
235 619
365 559
317 69
237 197
124 137
124 671
451 546
429 441
287 139
88 980
392 339
54 958
48 752
239 712
360 632
346 275
487 971
157 423
497 426
249 355
430 621
140 269
106 979
296 168
121 891
331 219
257 646
182 758
383 490
169 409
194 259
41 116
142 239
138 575
109 420
247 305
263 287
374 506
268 964
239 522
418 944
134 357
90 193
162 191
483 229
242 385
186 27
112 447
122 228
253 569
280 262
472 367
386 456
194 805
254 193
408 147
386 736
187 913
104 823
499 622
434 696
58 427
363 158
304 583
260 265
410 292
105 930
192 980
392 184
438 582
157 248
276 872
65 275
194 549
392 749
122 20
21 115
160 12
442 97
142 756
341 275
414 184
104 233
327 946
