213 186
139 214
174 6
121 296
40 326
135 391
42 96
107 71
134 72
144 337
147 222
125 297
82 239
75 16
124 168
29 119
94 317
39 62
143 226
11 314
155 269
39 108
177 87
177 87
156 384
95 111
191 352
102 296
42 343
53 136
187 99
169 253
27 37
75 58
46 304
40 40
87 38
56 237
15 21
116 103
101 2
178 29
6 166
193 265
117 171
108 39
102 198
32 271
145 123
3 263
71 376
104 22
7 123
24 118
86 274
80 91
47 266
191 214
23 165
171 68
151 345
28 92
110 328
17 82
105 110
166 195
84 62
189 197
196 131
86 323
182 262
186 203
68 357
100 346
87 226
168 13
97 130
90 238
171 270
140 295
150 96
153 63
92 195
19 200
65 97
176 279
87 258
4 88
25 170
55 368
68 260
2 154
186 25
27 391
23 233
27 13
124 233
23 38
112 26
148 122
141 58
178 316
58 389
2 298
136 289
24 330
108 140
78 50
56 334
167 189
192 61
19 58
167 374
55 265
196 128
50 303
180 67
106 167
4 207
172 359
115 245
82 43
144 345
110 30
96 259
63 49
53 165
191 277
163 207
77 323
103 32
186 281
169 69
98 276
57 54
180 355
56 197
128 333
11 293
32 380
11 109
79 59
31 134
171 275
127 266
12 290
83 259
18 16
117 13
59 258
59 209
93 172
176 223
71 101
148 36
22 29
153 341
1 284
162 168
188 120
101 136
114 224
130 120
188 18
41 51
110 58
43 207
98 217
126 309
119 263
131 45
164 108
101 194
61 200
64 261
10 16
40 331
74 79
99 194
170 88
80 21
39 268
184 362
5 38
191 136
178 262
93 249
16 155
45 127
190 374
132 175
150 70
112 72
92 276
3 125
18 83
144 204
74 257
137 147
165 208
19 7
168 220
8 191
14 161
134 81
124 249
79 251
92 292
38 289
133 244
167 295
193 311
7 169
76 28
