206 429
554 646
494 382
49 849
169 901
348 1170
584 1090
601 875
554 5
49 1131
216 549
164 169
10 1213
554 500
262 166
285 190
472 181
525 579
118 1162
37 68
440 540
503 306
69 913
429 1068
58 54
412 192
165 28
534 972
209 1107
23 1186
569 116
583 898
428 322
514 565
284 477
275 652
110 1048
358 645
203 649
84 12
200 338
513 550
443 173
73 63
136 679
603 378
454 593
215 833
438 506
580 575
215 664
403 715
422 1100
209 2
342 497
527 485
115 524
250 1052
117 385
149 738
372 1127
434 917
382 614
43 25
523 674
20 1089
546 29
505 50
510 405
474 392
494 1187
162 8
8 569
562 428
346 890
20 442
511 358
140 785
305 1113
598 120
287 337
16 149
131 38
532 482
173 874
316 913
109 689
545 331
331 643
274 744
397 216
576 819
569 1063
523 687
227 1007
414 985
45 1180
144 304
514 909
140 519
514 610
578 310
352 903
440 236
95 699
324 534
450 295
44 178
550 40
366 1104
491 294
476 155
32 1199
67 157
144 804
141 427
391 265
59 113
282 530
515 795
507 639
109 758
1 923
586 79
24 496
559 1016
143 311
393 54
567 1160
144 140
90 556
300 1133
414 483
565 223
23 379
129 6
588 1196
488 1175
54 84
508 1056
547 590
138 200
12 1112
588 616
221 351
190 794
356 746
90 147
212 546
102 899
260 415
511 604
410 332
527 640
259 688
507 951
399 769
75 558
480 1028
14 313
447 70
374 1115
514 264
582 1196
366 264
212 1110
223 559
133 700
459 804
540 964
233 984
383 1012
103 1189
451 751
11 632
226 1055
47 8
206 1176
162 1109
359 1012
598 469
418 707
514 1129
406 833
176 857
152 337
395 908
192 940
198 266
160 75
424 1159
566 508
451 709
521 670
205 496
547 478
387 520
179 1110
159 1184
210 1024
486 692
159 926
457 442
428 753
273 149
594 241
128 852
