209 197
552 504
425 443
194 626
514 306
269 518
154 114
558 166
510 190
362 835
111 657
303 823
179 913
66 1108
365 12
219 830
328 170
197 1044
469 721
179 563
493 843
237 885
502 85
134 777
126 269
564 772
72 1098
399 592
18 234
114 938
204 12
322 778
547 344
131 404
256 13
258 985
132 1090
397 258
551 307
234 71
396 396
43 416
541 82
198 44
330 533
351 548
241 906
428 26
351 1017
304 27
405 339
147 658
405 693
259 912
265 982
516 815
268 1065
530 535
294 1126
51 493
475 268
224 311
472 1130
154 677
333 100
75 483
189 533
406 26
48 127
298 533
252 872
433 212
371 1078
139 1109
112 146
321 719
197 318
327 561
361 955
407 677
432 1121
467 525
179 927
455 577
406 1054
105 824
437 940
40 698
415 778
227 899
361 182
112 257
340 689
89 565
79 733
462 558
324 1045
84 547
21 826
76 1008
419 835
107 95
28 978
421 550
519 103
332 138
192 439
93 1088
506 521
469 511
531 75
231 908
111 908
181 1127
197 658
260 7
444 665
181 537
24 899
151 15
373 323
64 483
251 57
88 958
22 1024
49 1055
559 93
533 347
465 19
440 61
83 101
378 143
25 386
259 324
373 96
352 823
118 245
190 743
374 932
17 1004
105 690
317 654
493 346
155 568
48 1037
110 226
432 143
84 786
26 663
536 81
409 81
102 236
451 965
97 425
303 272
223 301
256 1074
56 751
335 1131
487 793
490 414
516 339
228 329
401 904
417 218
139 260
536 37
61 258
48 669
373 1059
70 681
271 784
544 41
106 760
39 102
294 538
60 288
379 808
36 843
142 1003
2 1115
547 827
204 151
251 991
113 321
115 336
529 185
26 447
426 972
25 887
146 1011
172 559
286 887
289 113
18 235
386 1015
4 793
322 1089
409 387
85 351
327 902
176 610
382 931
369 211
356 541
511 766
263 99
220 571
558 363
182 407
