211 286
445 323
389 583
47 284
239 707
47 147
91 428
314 14
265 37
32 715
483 312
374 408
408 354
208 303
47 458
279 747
179 769
322 951
337 267
155 786
154 638
200 979
107 1008
319 375
1 887
488 205
511 383
254 214
519 1033
79 346
484 593
354 672
505 262
218 275
358 982
429 207
282 836
237 633
227 934
364 1028
239 68
286 963
101 67
161 472
161 294
216 389
562 468
494 255
91 558
518 418
432 1109
546 1123
355 475
236 1122
544 1043
225 436
327 1094
42 1057
413 171
513 235
419 720
313 185
95 531
78 248
121 610
23 57
291 236
359 631
38 650
294 563
346 57
350 700
119 631
76 1105
475 966
303 248
27 763
262 337
379 1059
162 309
181 174
498 1075
88 150
159 22
539 260
327 745
200 527
7 337
528 525
87 864
420 479
87 277
488 816
300 257
80 1080
160 581
128 165
194 276
437 1075
272 1055
77 534
361 921
442 35
80 1130
263 882
247 273
429 127
418 84
514 580
149 543
390 963
97 828
169 405
1 356
355 1001
35 576
311 1030
324 354
347 537
82 166
46 403
204 1030
266 558
389 172
99 870
461 974
211 223
20 833
228 893
70 499
543 395
461 265
121 1002
56 318
346 244
506 454
167 437
202 305
121 451
484 661
299 208
109 548
245 717
156 460
148 482
156 1056
43 1051
21 939
92 83
537 370
9 33
73 995
534 707
110 231
346 796
401 466
24 802
435 278
400 687
350 469
215 265
126 698
289 602
320 167
331 419
107 423
425 628
43 786
445 421
343 893
205 868
100 791
115 40
320 385
505 246
390 595
261 841
42 354
288 716
370 1120
516 822
37 1076
181 279
186 926
225 196
439 316
314 782
199 783
564 251
48 1042
469 439
492 1065
131 788
1 82
162 266
455 822
427 1104
421 897
100 819
241 406
477 590
498 307
246 246
172 586
325 872
214 186
339 656
551 589
193 602
405 28
185 25
437 194
