208 244
307 346
119 314
38 343
186 66
139 308
275 230
169 601
133 511
194 136
161 285
261 201
187 508
261 276
201 34
220 224
312 357
121 334
316 601
289 341
4 29
301 577
201 495
256 73
260 1
108 239
139 14
162 175
221 214
20 367
246 477
82 138
184 476
264 47
185 588
62 428
215 636
148 442
69 162
189 219
275 238
64 423
25 32
253 147
50 647
235 438
181 559
154 324
227 109
309 257
104 196
199 74
269 159
281 565
254 369
28 523
273 585
237 257
272 336
271 465
258 53
18 244
77 283
255 90
119 75
255 203
154 443
236 14
202 482
230 302
182 541
184 359
267 352
238 525
76 466
84 283
198 124
214 589
47 452
116 229
200 237
323 113
277 320
243 85
269 389
250 135
166 253
23 293
2 83
107 125
266 265
104 15
96 551
313 131
313 437
280 288
133 113
18 508
242 594
251 232
248 503
305 617
272 493
245 432
139 378
114 601
294 148
262 230
192 70
3 402
140 10
168 378
264 31
282 602
136 563
104 469
100 460
220 17
284 381
147 43
29 597
5 298
308 257
58 342
324 409
169 359
235 462
33 406
105 56
109 463
203 442
50 104
249 166
54 525
323 512
208 16
90 339
295 552
269 604
108 419
211 234
190 102
163 206
284 233
297 600
299 167
235 466
39 275
4 175
90 506
198 528
71 224
126 114
233 114
314 177
52 341
53 142
45 535
212 392
97 30
76 520
31 595
78 439
302 568
82 42
262 540
127 340
263 320
20 642
131 509
124 597
97 62
301 605
243 332
144 577
90 534
3 38
43 301
223 465
123 355
107 288
48 199
238 83
41 221
238 351
257 107
119 86
17 349
139 274
27 448
324 493
159 200
175 149
279 344
281 468
287 483
299 8
70 125
109 224
270 296
244 204
255 273
200 485
271 31
187 89
251 158
186 402
282 511
190 492
