212 240
94 322
28 489
260 204
356 2
158 492
370 50
125 229
114 137
219 360
318 684
101 412
3 326
157 709
84 537
99 498
193 461
44 96
264 705
65 581
222 312
60 339
156 34
119 231
249 177
84 128
189 248
216 558
89 566
270 672
284 56
108 296
143 26
185 167
157 706
42 122
72 724
332 581
350 345
356 325
5 550
15 323
171 327
171 700
225 365
320 426
368 495
37 235
162 426
197 590
76 563
300 543
9 94
152 220
156 402
333 353
7 263
333 240
149 361
188 221
153 465
280 726
137 444
371 532
361 330
154 314
49 615
303 625
365 225
301 120
315 508
40 218
205 269
103 375
354 74
197 222
82 471
230 709
32 294
119 601
197 336
219 387
135 497
365 181
131 41
146 660
45 462
210 566
38 703
158 291
245 144
73 247
245 155
150 62
191 3
257 47
62 695
208 265
293 536
172 171
142 396
15 16
65 91
146 612
283 72
157 727
83 505
148 584
207 307
225 229
79 274
235 95
167 551
316 533
274 271
41 258
344 300
163 716
288 365
254 604
305 343
106 7
296 573
126 106
117 336
178 509
189 479
71 344
37 157
304 279
262 104
212 592
67 208
279 313
68 224
111 522
249 575
97 719
113 187
300 599
43 477
314 374
123 408
41 289
372 655
302 305
312 431
231 391
371 340
109 174
12 711
204 45
152 468
55 107
143 222
105 323
140 737
317 728
193 675
260 368
169 585
249 242
145 274
12 489
109 111
74 452
245 677
358 685
99 223
217 597
178 371
299 698
253 253
59 240
240 400
106 693
218 431
76 9
304 727
34 417
128 353
114 433
155 418
216 381
60 672
18 607
323 399
255 9
101 340
180 692
83 619
274 431
216 251
26 462
291 640
242 157
190 15
123 603
3 95
49 590
370 508
88 605
58 313
196 168
31 556
370 56
271 56
135 449
240 566
14 168
333 637
135 725
222 182
