216 115
582 635
182 13
392 27
616 816
313 1048
133 1097
76 712
322 559
289 8
1 1098
392 1222
240 540
513 846
167 244
235 461
582 1087
197 46
352 1030
285 168
496 1074
273 895
396 721
175 1179
6 822
438 1070
618 1196
586 435
242 878
106 683
39 954
546 123
354 1084
265 298
444 440
429 1109
81 831
412 1038
618 166
492 229
20 384
428 479
465 297
424 919
600 160
134 47
551 1144
608 778
229 814
400 132
36 316
150 74
104 727
346 109
79 1044
311 1190
564 334
66 34
351 745
390 1101
519 354
246 275
388 718
539 660
69 709
272 343
557 290
206 851
390 522
512 671
155 355
393 965
153 815
577 114
100 1035
415 49
312 980
141 173
65 725
61 99
427 79
115 885
172 86
413 933
607 1167
84 194
608 578
328 7
286 19
482 869
602 216
586 1026
505 1215
245 1017
366 551
388 900
342 1164
460 1112
490 19
189 259
215 1206
416 724
254 300
172 1072
248 757
339 398
391 870
467 403
344 507
142 394
370 139
310 27
287 1158
298 398
324 445
196 462
497 482
254 1163
10 1007
449 106
92 50
29 212
36 484
618 802
349 676
264 407
584 10
605 606
360 1151
572 1058
173 654
337 1177
483 215
48 266
319 1234
441 1219
287 869
524 801
37 1093
481 32
148 693
215 1157
363 695
179 211
243 453
602 246
468 369
439 1026
380 412
231 39
488 138
243 1038
573 694
470 584
107 427
602 857
37 1180
18 1122
494 577
199 88
189 962
432 1024
339 225
226 715
241 707
469 163
230 122
153 565
211 454
413 478
132 806
428 333
109 571
8 665
24 44
214 920
614 1093
427 290
129 535
150 910
282 1137
326 1008
63 1005
133 426
514 68
229 15
287 312
451 130
212 313
163 416
570 694
312 288
606 895
599 163
516 291
9 383
55 1012
383 45
413 463
63 851
52 957
48 1198
320 889
561 444
559 779
264 401
413 115
425 65
249 998
598 867
11 1166
224 928
477 821
545 225
486 514
186 1051
18 553
