218 80
32 29
169 295
175 286
164 342
78 200
93 171
135 211
144 140
130 153
152 342
163 158
108 238
126 189
11 171
178 169
6 104
96 196
7 348
106 185
110 7
167 36
125 241
122 162
81 24
13 39
114 54
6 28
90 6
132 149
7 359
181 137
24 327
98 286
20 362
86 144
169 362
167 315
172 40
108 336
13 361
124 27
88 227
107 103
33 298
177 4
96 57
43 215
66 209
81 360
108 363
66 48
49 166
20 146
161 73
55 124
151 60
31 184
127 124
9 316
101 192
161 108
94 131
142 128
136 260
110 114
67 155
108 19
91 1
100 28
149 193
167 104
82 185
179 188
32 140
139 83
2 303
91 206
69 231
80 318
173 142
120 207
116 203
78 99
33 160
34 82
61 333
173 12
17 194
181 202
82 152
168 283
129 98
33 174
23 121
117 337
39 165
20 2
97 174
77 252
29 314
137 246
41 296
180 162
129 258
30 2
127 108
156 38
116 350
15 250
179 225
113 214
173 213
68 12
158 337
111 86
6 354
145 100
85 72
32 206
30 90
181 123
19 183
143 78
112 345
1 157
156 159
77 278
173 110
35 80
71 160
55 121
36 160
165 29
108 80
160 241
167 12
36 29
88 254
92 333
145 26
101 343
97 158
152 337
58 158
165 325
53 232
149 334
18 167
112 239
51 320
2 155
110 335
101 29
25 218
143 113
7 347
56 308
121 291
65 266
108 142
99 327
40 355
120 70
124 249
61 30
92 25
121 269
80 314
21 294
13 290
167 203
64 170
51 242
172 159
138 289
85 118
171 192
93 163
77 105
151 321
145 181
173 297
58 279
152 286
179 204
127 146
34 190
104 139
1 39
24 232
120 206
66 2
141 77
76 211
130 204
175 213
167 247
48 63
98 187
150 34
85 155
38 196
17 23
31 101
158 302
40 117
110 246
133 305
94 231
153 191
155 259
68 171
33 37
114 90
84 90
134 180
158 345
104 280
