217 242
101 475
108 581
272 120
41 41
22 51
240 25
287 164
151 446
97 412
110 484
164 419
110 496
299 241
207 597
68 535
56 157
16 564
252 172
176 417
14 353
200 129
241 279
242 124
119 81
63 234
17 154
274 283
103 223
275 154
49 36
126 395
231 351
58 409
113 166
109 358
200 13
196 74
96 257
242 137
237 420
15 230
158 535
123 365
160 296
75 523
212 435
160 304
297 39
79 400
114 323
284 238
19 231
267 529
168 308
201 156
71 349
119 380
57 568
249 497
59 329
96 498
166 37
166 460
38 424
233 201
42 83
113 466
255 9
230 372
32 317
88 339
48 581
14 320
294 305
85 512
257 511
1 494
17 159
124 214
74 467
159 150
211 74
94 131
159 465
113 385
303 232
159 161
133 516
66 39
39 121
164 366
247 561
81 6
138 488
120 389
217 584
76 598
12 226
185 387
72 329
200 422
217 209
293 96
126 210
117 545
27 474
129 92
168 195
162 484
24 163
257 221
301 357
84 313
263 19
256 548
234 592
150 235
182 534
276 213
283 31
266 186
278 167
195 104
75 610
10 563
51 18
90 97
280 547
299 396
30 314
96 185
146 213
52 467
108 230
260 436
222 315
224 107
150 162
217 556
72 160
40 276
83 199
118 67
56 189
167 286
281 256
296 462
42 574
191 260
169 572
33 267
233 49
102 489
41 20
173 501
147 425
303 3
302 482
199 250
64 232
74 250
108 14
11 483
24 538
64 552
205 379
262 381
147 105
96 240
108 102
121 495
224 220
305 523
29 207
246 252
225 272
178 273
163 387
9 313
223 471
168 93
283 470
221 344
99 447
137 316
254 74
277 595
20 367
39 319
10 330
133 325
293 80
210 72
62 531
159 58
224 88
88 51
305 81
259 493
102 329
42 301
172 124
226 288
154 24
166 87
273 342
219 568
224 465
223 103
44 604
51 47
149 289
161 205
23 338
143 509
190 158
119 78
