223 168
141 279
14 405
21 366
225 4
61 297
191 360
196 376
137 178
127 263
220 161
14 138
217 453
184 260
84 315
133 264
182 262
187 255
223 128
34 372
164 14
110 111
137 383
79 397
204 381
139 268
148 325
95 390
19 340
149 37
217 121
100 27
152 372
49 397
80 435
69 159
100 361
143 390
33 128
82 155
135 321
35 71
92 245
231 74
38 194
52 2
154 145
118 298
177 294
105 76
70 114
152 246
184 11
93 417
152 34
149 141
133 166
77 193
29 312
227 111
101 456
30 19
212 300
26 445
101 315
116 405
65 424
69 460
199 90
169 353
24 349
116 27
70 343
196 9
80 213
70 256
111 267
83 296
51 13
148 352
179 396
162 433
43 301
108 115
194 168
36 179
113 272
29 249
5 199
45 107
187 70
86 404
234 149
145 35
231 400
8 6
86 136
80 434
90 303
119 21
41 187
73 336
31 424
25 91
157 153
21 183
117 121
101 272
65 359
234 76
86 285
10 288
36 128
119 282
46 87
107 131
225 218
127 137
156 458
141 322
211 296
2 7
209 233
168 325
192 7
123 284
165 413
73 250
22 30
62 304
223 164
220 19
209 45
140 68
25 89
145 153
106 341
106 317
110 15
32 126
101 284
36 242
85 87
157 421
106 46
98 448
232 65
68 296
130 344
7 394
75 431
213 98
195 282
1 336
208 222
192 92
186 172
115 33
53 379
30 462
224 171
27 100
194 238
58 343
181 412
207 440
164 374
54 199
50 312
234 61
48 73
143 463
187 280
131 132
124 244
54 198
58 45
35 209
8 270
214 100
180 411
70 170
198 171
8 161
2 425
8 331
225 206
204 227
88 193
168 178
231 19
69 226
72 330
39 56
51 442
181 408
187 203
53 330
98 230
29 447
31 93
219 423
28 24
67 236
76 142
219 369
198 49
165 114
132 200
166 330
198 154
96 272
19 433
54 52
226 293
214 155
19 210
196 222
110 11
142 457
233 212
51 275
191 110
91 95
