215 531
521 1055
338 304
188 1074
114 167
90 264
214 937
246 436
579 1076
274 697
594 41
347 995
232 1195
144 157
596 560
320 866
315 740
415 203
270 60
200 772
241 1219
509 249
191 756
568 846
289 781
330 768
501 596
1 987
308 492
150 873
176 862
578 854
44 419
224 139
154 415
11 334
614 289
325 1147
583 753
571 666
535 143
430 171
348 564
48 694
614 1211
331 653
142 287
200 185
130 819
12 988
613 279
224 305
305 280
386 503
442 749
161 480
63 472
384 748
191 1067
176 586
172 907
153 840
25 640
33 1094
413 838
264 377
297 245
138 1193
310 887
199 874
595 412
116 625
456 466
567 750
201 1047
37 842
503 253
56 949
223 483
231 1095
530 47
467 86
270 1027
279 289
338 1082
573 1106
581 249
49 32
281 491
412 1112
142 84
268 607
137 1074
572 359
114 736
304 1108
80 1226
442 377
481 68
554 753
94 496
91 182
173 91
331 1061
597 9
142 79
401 696
518 135
322 756
102 118
390 194
169 228
457 130
86 440
69 515
604 502
106 919
423 680
76 669
534 59
59 668
23 817
56 13
230 674
461 1118
357 1184
137 1038
426 527
130 777
190 829
341 918
460 98
297 775
372 1080
559 940
271 848
333 125
292 207
39 171
165 133
44 1106
483 180
140 580
201 907
406 688
136 1013
341 200
613 440
88 109
21 1000
570 464
230 166
80 379
199 123
123 689
113 1137
510 1218
403 1216
406 431
103 673
454 558
77 113
108 459
86 836
460 831
11 970
76 958
91 448
7 633
574 781
98 246
446 199
426 282
558 777
88 86
237 224
280 654
562 746
180 503
177 703
131 520
219 384
362 1131
14 333
422 921
110 99
154 1007
75 1023
527 293
182 293
58 113
383 153
390 644
266 673
348 93
69 426
466 639
370 652
531 294
262 241
537 46
438 791
553 1007
271 1168
377 1155
30 1028
252 618
320 1009
311 1095
185 1156
334 423
210 260
372 26
89 280
101 212
103 410
