222 409
74 868
402 759
391 496
238 750
33 198
78 645
393 544
345 322
59 879
59 212
345 236
340 419
341 651
328 209
330 622
145 221
250 636
68 796
132 644
282 889
364 229
211 32
428 404
308 385
262 75
298 124
324 2
326 134
107 798
398 878
442 620
242 459
92 185
256 685
204 27
7 845
21 102
280 657
119 369
41 746
397 556
215 291
354 225
17 81
329 156
430 288
304 217
361 715
348 87
324 218
241 373
41 351
234 242
9 728
152 825
277 334
28 313
277 825
145 818
431 472
109 601
111 801
210 509
183 484
366 385
371 727
76 702
46 501
48 255
3 406
34 858
212 81
437 57
209 200
189 508
67 451
178 878
314 50
37 382
248 451
403 452
308 789
394 158
444 527
138 151
156 305
92 691
395 55
128 664
384 652
62 216
334 631
387 1
324 529
64 693
82 787
304 341
123 469
444 441
1 476
167 234
193 756
268 719
404 862
403 583
191 842
286 543
23 119
163 141
181 594
237 712
156 82
242 720
274 309
230 623
357 211
427 469
43 284
216 302
81 540
343 124
344 692
288 657
272 886
89 757
123 433
111 877
442 338
45 393
138 787
441 349
144 120
165 612
15 136
125 363
339 378
389 648
266 890
325 374
249 266
94 287
254 805
373 222
360 593
37 707
375 779
424 776
122 539
128 518
176 627
401 779
75 169
398 407
217 797
62 286
353 122
111 143
327 414
35 635
301 551
90 730
332 155
29 274
296 310
220 444
3 222
90 541
340 227
150 175
409 632
173 594
425 571
376 28
443 881
149 625
172 115
227 564
221 187
266 43
168 466
159 646
294 316
216 550
289 801
96 527
127 792
154 888
324 69
400 178
443 132
113 656
430 318
434 657
230 406
200 309
268 803
339 37
348 141
206 195
20 17
240 55
258 642
143 463
415 331
233 400
97 94
376 830
266 599
170 505
8 385
246 210
397 417
234 162
260 417
402 74
46 613
32 545
6 735
437 35
39 812
127 667
61 176
