214 110
6 834
568 448
21 247
278 1165
567 439
421 406
32 791
389 224
2 23
352 1091
215 350
94 326
25 838
83 976
408 1172
530 110
110 259
323 478
191 702
591 1041
192 907
567 809
182 70
252 273
627 952
236 515
252 662
446 336
216 712
414 379
493 466
130 1147
377 127
115 894
583 362
300 1209
592 696
509 1005
362 1021
196 530
423 996
38 150
537 1056
375 861
518 1158
210 1253
499 27
596 230
535 442
603 154
318 895
374 1086
402 601
91 66
203 135
34 745
274 414
339 542
323 329
108 292
290 1032
320 431
107 571
130 241
157 47
377 269
284 427
177 68
128 313
117 155
572 336
573 1107
290 1065
235 614
90 794
347 350
539 696
423 1242
163 959
501 47
306 55
94 954
475 1194
460 801
618 985
406 239
96 683
546 273
290 936
597 59
528 242
436 52
255 1254
460 364
528 715
410 107
571 151
211 514
402 1196
293 1227
228 382
197 1139
371 1219
432 376
553 657
355 350
165 86
471 34
352 932
29 623
274 1258
615 325
52 3
158 640
321 894
564 543
73 717
158 213
347 819
481 196
497 832
255 601
42 395
202 1245
614 407
520 529
60 253
605 867
27 1218
47 920
13 1172
547 436
124 923
212 424
485 543
555 35
559 788
255 992
347 728
458 923
122 848
355 943
455 833
256 215
339 487
19 619
118 1224
45 1226
412 543
55 520
265 455
613 152
340 251
496 145
21 146
585 284
569 1168
548 1001
393 523
264 538
356 488
391 1087
291 702
451 1085
330 374
448 781
44 230
213 797
628 59
235 204
432 1048
369 56
148 406
313 1169
435 78
169 741
254 655
22 1144
174 95
240 1032
103 161
146 277
500 38
199 10
56 878
555 806
468 1224
257 799
451 1126
618 832
595 84
102 1110
14 430
546 925
130 338
91 559
569 1203
220 1088
33 1224
491 48
344 706
501 409
373 1152
401 638
127 790
622 910
580 986
500 163
161 1220
86 600
63 4
283 615
605 571
48 210
