219 119
404 220
119 1100
221 980
87 941
262 446
428 1065
416 161
193 743
218 581
553 484
507 223
416 774
115 39
127 1026
144 996
5 1225
337 846
262 1202
281 422
80 588
551 305
416 343
267 64
340 148
381 1158
81 646
390 213
154 925
118 194
40 621
81 138
346 373
315 522
220 653
215 775
52 110
480 1159
579 1199
17 466
216 934
224 51
406 1017
212 1153
159 944
79 1153
419 728
396 847
503 943
554 921
525 391
242 225
85 999
517 729
279 1141
560 7
208 601
527 223
32 644
88 1006
68 734
96 1020
201 794
314 440
366 333
65 358
597 253
584 175
209 56
599 1090
349 244
197 1079
487 318
592 37
46 1119
69 1216
553 587
187 397
347 656
282 1074
541 1206
115 841
331 933
379 329
70 884
319 1166
317 20
47 572
263 1005
494 558
503 437
307 278
79 47
583 1120
208 1013
72 227
361 76
521 625
133 1114
310 1088
243 783
240 725
330 397
162 21
20 148
567 423
127 1080
506 1170
551 843
315 929
302 123
368 386
68 1194
413 572
286 900
572 82
566 645
18 1232
205 131
28 712
116 168
124 397
495 345
597 561
262 807
64 867
121 1089
290 302
141 798
53 140
216 717
295 712
152 873
334 1037
87 670
556 1071
188 546
554 842
377 985
78 1033
315 1159
209 102
496 10
416 1170
601 994
294 719
283 273
208 767
172 863
15 209
508 1116
59 1122
337 883
30 962
352 964
322 827
357 938
301 86
482 102
439 5
378 1160
12 728
614 547
104 245
461 1001
288 1114
534 237
297 1069
228 686
166 338
240 307
230 802
204 3
532 823
566 90
221 900
239 531
466 283
91 1047
186 830
523 878
292 366
503 981
77 200
597 826
446 65
181 1064
387 1153
386 1060
345 551
379 723
209 58
208 1108
429 725
162 64
223 380
608 807
247 335
548 544
122 214
203 646
408 575
110 226
398 910
143 438
174 277
438 652
267 1219
165 719
20 1185
245 1120
441 1113
538 1149
5 1177
434 678
67 146
555 731
579 1098
583 109
554 421
