221 361
158 568
554 327
505 981
71 436
389 769
20 181
176 711
8 795
273 392
199 247
165 420
92 67
409 542
540 317
121 713
178 885
77 968
335 1109
556 324
191 85
261 272
130 1086
364 399
262 582
312 128
119 315
191 641
316 58
302 1041
374 617
474 167
206 518
532 394
215 247
413 263
373 968
283 274
184 25
28 383
11 111
140 249
255 500
391 405
235 702
138 665
234 783
17 141
166 1109
513 675
114 1109
37 960
316 229
339 143
62 864
149 230
441 157
402 84
257 850
330 936
173 911
119 236
486 116
329 221
2 438
234 807
448 81
505 465
313 644
314 571
39 1097
161 617
124 123
76 859
221 770
288 164
280 1075
117 554
182 135
241 607
537 878
304 223
479 834
477 266
197 652
139 265
118 769
318 154
247 950
380 280
81 755
281 1029
328 680
532 587
60 328
506 221
317 1026
119 37
31 112
524 422
295 37
373 334
48 931
154 342
401 201
312 735
408 946
37 381
429 174
161 431
222 1020
138 405
208 449
26 569
435 203
384 450
481 416
172 1116
135 481
358 586
459 689
183 63
63 115
186 517
110 780
518 14
3 1040
248 997
318 3
119 408
304 1062
220 85
422 453
484 1031
54 24
494 580
510 111
361 944
231 111
44 126
257 511
12 928
435 598
377 323
226 646
266 269
259 313
465 945
216 785
79 721
63 114
7 917
102 549
327 962
511 1013
494 581
451 385
162 885
499 287
83 842
176 184
413 161
394 861
385 406
129 773
552 672
497 130
483 984
452 511
458 497
164 186
433 561
477 1073
94 620
206 72
125 697
295 754
125 933
429 511
91 415
209 419
483 268
13 437
373 504
493 844
270 147
61 171
214 139
263 1059
166 721
238 697
440 758
444 254
353 43
74 1101
198 146
89 726
208 441
49 496
438 486
89 1028
192 236
116 353
306 1020
332 43
325 619
227 31
361 12
235 567
418 789
409 526
369 1100
534 509
295 808
266 374
61 58
274 946
122 222
288 995
192 1069
509 343
293 631
