220 215
174 177
31 272
239 9
135 15
84 56
20 355
231 421
277 392
134 579
189 208
194 72
283 359
283 82
234 89
137 536
46 523
223 27
29 336
112 20
207 534
252 265
63 403
121 494
248 187
81 168
287 363
156 215
39 283
84 356
234 522
235 144
234 516
281 364
78 444
107 88
234 439
45 409
194 86
69 342
172 332
133 290
214 501
154 100
45 544
167 576
4 201
54 258
102 394
49 452
213 64
102 413
52 403
166 109
146 433
1 159
166 539
250 251
16 498
240 551
72 562
184 376
84 384
87 258
239 523
253 54
215 107
246 194
171 579
188 518
7 304
208 304
205 326
107 462
284 18
151 566
121 206
85 223
4 232
77 313
100 94
37 510
229 174
185 177
267 33
168 351
49 242
100 260
275 370
9 538
224 442
139 266
115 364
228 212
3 334
144 507
224 45
5 398
218 463
220 277
267 205
136 506
156 137
284 291
241 493
123 550
271 447
101 578
251 535
96 566
164 492
262 240
70 464
204 7
178 211
250 81
258 44
220 464
270 286
187 553
210 559
280 333
124 395
65 561
159 245
161 456
72 128
262 550
90 234
268 4
131 520
87 129
190 304
260 322
119 425
168 318
202 17
106 521
258 537
113 423
69 226
203 362
253 548
72 346
50 286
170 246
210 287
41 11
287 68
219 521
98 58
188 369
125 319
26 74
64 173
32 121
252 56
114 148
85 270
6 454
229 84
148 457
223 149
51 191
94 506
127 528
47 331
67 376
145 125
106 510
43 34
101 380
96 517
80 241
213 213
16 14
57 448
201 159
30 373
12 321
210 10
266 185
165 579
192 511
118 167
282 445
8 216
5 35
13 87
17 110
264 56
198 37
255 439
93 249
148 249
53 142
241 242
213 257
148 285
194 415
179 122
143 426
10 219
32 468
53 174
17 450
220 508
261 157
85 442
245 143
89 55
184 568
218 452
12 27
232 299
78 251
267 127
177 210
244 63
275 94
254 498
