226 98
185 660
253 109
217 343
304 586
100 291
148 115
308 571
301 211
285 278
276 476
156 636
91 19
272 21
277 585
113 72
45 223
114 480
292 325
156 84
231 116
105 580
117 228
191 127
260 388
150 474
332 384
286 293
11 652
323 644
25 162
171 345
112 345
97 633
319 591
170 132
188 225
227 423
66 277
76 192
211 84
105 288
93 632
312 294
309 554
239 366
128 59
258 387
12 480
297 137
158 676
48 670
320 133
120 164
10 650
80 98
117 87
346 574
44 255
293 467
203 55
285 676
292 150
348 391
211 390
342 188
178 140
127 438
220 238
24 200
300 59
178 579
319 181
91 639
82 149
101 329
219 65
116 329
170 113
156 271
55 487
6 369
251 422
252 293
49 192
333 364
166 378
318 466
270 573
287 261
178 60
137 602
144 295
30 571
56 461
39 224
43 447
265 488
109 549
147 696
157 260
5 390
101 73
36 327
288 348
256 687
245 136
107 4
106 268
112 106
95 659
117 283
91 484
176 226
174 523
128 196
26 319
41 188
48 334
7 548
339 4
334 394
13 549
112 382
47 182
153 517
49 52
31 635
264 331
53 594
129 479
205 613
257 67
302 609
10 485
280 659
174 597
85 3
194 347
148 120
275 402
2 272
281 256
190 676
268 54
37 112
84 306
6 121
123 346
222 251
240 446
184 360
87 197
223 622
252 592
190 624
262 665
297 479
246 37
318 270
106 569
156 442
36 310
174 415
115 274
281 496
109 598
197 500
256 33
64 206
45 703
117 486
235 23
90 271
339 638
260 655
180 155
223 651
343 340
191 140
261 436
14 87
266 377
90 74
155 281
85 111
204 576
155 318
307 318
74 634
122 424
320 157
230 339
351 296
263 619
88 612
280 208
289 649
351 189
290 529
57 69
146 369
298 174
116 615
115 538
76 669
159 355
8 613
165 470
143 245
98 22
9 383
61 68
235 650
167 329
233 254
232 145
275 601
317 594
197 258
347 510
341 145
133 440
305 385
267 229
16 682
214 689
