229 205
257 243
352 731
97 476
289 677
3 588
48 548
278 90
153 403
95 403
192 696
323 448
278 672
52 323
208 250
248 21
107 331
159 77
43 297
4 553
258 680
281 471
131 116
312 475
10 45
133 162
137 703
364 71
170 485
341 521
125 177
369 464
99 91
253 285
97 17
266 375
220 173
157 173
131 675
42 663
221 84
7 602
271 540
364 197
111 421
113 678
305 438
263 587
177 623
327 549
258 415
346 148
176 199
120 194
340 95
304 420
332 69
146 550
10 451
186 399
58 151
195 24
127 150
142 331
178 302
124 408
240 107
110 250
181 395
54 515
55 680
304 692
368 642
9 734
145 502
147 166
1 220
352 681
237 583
221 234
239 295
72 123
181 665
166 604
117 432
175 5
153 221
301 329
192 344
88 566
45 468
13 51
37 458
141 349
214 91
67 209
230 734
327 64
34 723
98 368
152 387
125 496
112 237
193 592
52 573
323 179
311 18
104 607
177 700
185 389
268 143
338 734
154 597
212 654
113 92
126 732
148 428
138 424
13 154
310 739
89 536
37 511
140 578
170 285
210 308
143 105
135 88
264 650
42 66
186 604
120 355
165 614
204 79
268 559
1 176
337 693
168 329
48 16
309 414
298 237
135 242
319 256
361 420
106 510
232 399
209 580
308 723
143 728
358 681
336 520
117 462
356 612
154 656
178 231
60 364
243 624
37 557
126 461
7 12
182 438
58 736
197 244
120 199
338 152
157 230
249 524
222 310
302 243
192 292
360 48
333 202
73 692
257 323
56 234
152 13
202 256
356 532
255 670
113 560
18 703
288 450
254 361
280 712
154 545
10 682
210 593
235 250
88 558
71 573
248 63
131 380
116 463
254 103
262 573
229 421
315 462
205 518
247 608
316 683
304 557
350 626
219 242
197 480
253 668
218 592
186 596
291 140
136 322
292 239
347 439
185 405
273 516
69 566
157 612
66 116
85 670
3 678
94 715
240 596
330 243
216 221
360 93
96 646
293 220
121 23
250 139
44 532
73 165
200 654
136 594
