225 209
63 16
114 468
212 13
9 249
228 428
7 154
99 246
62 167
101 198
212 461
158 417
59 436
23 422
206 353
77 377
165 368
228 282
111 337
176 380
1 121
179 4
68 121
79 69
125 346
179 132
160 467
135 5
202 361
137 448
87 272
177 282
159 140
87 324
39 466
2 219
151 484
92 34
216 465
152 42
236 296
72 181
75 411
141 386
13 286
176 376
35 428
39 173
45 39
59 105
26 481
185 385
110 281
217 388
238 419
2 171
39 9
54 6
45 252
124 311
74 398
49 156
79 406
192 317
55 41
176 361
197 208
190 265
191 442
214 307
222 93
246 350
38 32
53 153
47 126
32 319
203 97
202 97
235 402
2 294
73 31
157 79
83 391
92 22
129 429
99 336
113 209
237 261
207 287
227 339
209 51
90 284
172 174
169 337
181 405
63 265
36 158
171 335
16 431
105 302
120 359
38 26
37 10
169 181
81 10
149 297
220 267
65 210
218 367
164 133
114 392
101 395
30 316
71 442
126 284
88 351
244 220
199 455
208 70
215 409
24 169
177 177
49 274
57 122
192 228
126 194
32 386
6 426
140 179
192 362
62 337
219 357
48 350
11 134
231 49
4 384
57 244
205 231
24 320
13 491
35 237
24 156
224 23
97 468
139 188
181 188
54 138
28 372
164 145
237 69
180 260
195 301
107 148
228 204
244 325
43 247
16 44
110 373
190 219
26 249
191 211
204 137
106 64
223 381
44 16
41 224
146 474
242 26
200 43
58 269
24 138
16 434
237 202
122 120
129 168
146 56
56 434
215 48
229 371
172 339
67 43
122 175
194 355
5 194
187 1
138 436
227 310
27 468
166 174
210 326
98 408
124 483
225 154
227 198
45 2
8 246
204 414
130 449
131 39
131 349
37 6
177 369
46 201
32 440
158 67
59 175
134 152
80 405
149 365
205 247
168 250
96 438
1 194
176 407
206 492
87 40
154 215
232 359
218 456
65 132
241 13
232 26
30 243
31 456
88 350
121 83
