231 415
92 686
611 1193
435 845
293 64
98 720
239 612
322 1279
92 331
406 356
560 60
411 256
619 972
570 1031
489 748
103 1040
481 1064
157 131
362 885
605 169
15 149
94 576
223 360
71 175
268 1085
347 186
255 947
637 257
459 971
291 149
151 1148
180 507
654 317
442 439
467 947
520 255
173 299
388 46
466 780
416 204
183 749
34 1210
361 950
124 464
455 229
330 146
141 596
150 547
622 716
214 230
515 953
506 573
523 1042
568 445
512 451
414 1293
393 878
601 71
643 236
586 457
416 607
615 500
601 628
462 517
359 1258
278 1092
55 858
483 588
59 697
157 1034
37 538
251 1203
143 472
344 641
101 616
379 1160
195 90
207 570
344 788
362 262
636 158
241 1195
295 590
489 641
465 755
67 906
211 517
133 1245
249 1260
204 115
528 76
592 649
65 485
467 28
554 878
174 129
243 822
367 1064
344 7
344 705
590 1260
194 588
83 1245
438 1025
315 1306
87 523
395 944
581 214
552 94
113 788
472 604
330 64
57 1248
560 365
261 1025
327 1161
162 1283
118 354
494 8
502 1252
558 204
305 422
440 731
139 333
329 724
114 638
155 1261
411 1262
36 414
177 1268
444 485
438 323
163 912
129 848
591 804
576 728
442 63
301 801
595 1308
60 631
469 1015
387 347
242 716
492 728
441 340
561 1107
549 938
276 770
185 342
445 214
557 1117
382 1273
514 107
642 287
455 1204
285 479
616 146
145 821
255 26
9 319
222 1047
539 559
161 858
436 574
326 981
326 733
129 1162
357 603
581 396
162 10
309 161
376 915
313 432
486 757
466 637
296 599
7 662
278 1277
364 453
44 516
502 1199
67 861
499 248
603 1252
249 431
331 1262
271 426
438 827
485 401
329 947
292 63
477 508
392 517
583 707
569 69
156 607
394 119
555 775
464 192
109 240
208 844
601 760
653 719
415 1030
401 778
500 977
388 1026
159 928
413 284
643 887
354 127
388 147
389 282
184 564
98 687
92 1036
92 477
342 254
329 1112
268 90
227 294
14 69
476 1144
457 1291
240 378
536 1310
644 376
521 1228
275 1189
461 494
91 407
538 522
