233 141
153 124
60 356
179 197
57 343
81 161
78 219
185 232
80 124
93 370
14 93
6 170
148 180
105 120
83 137
136 81
171 92
169 159
70 62
105 122
44 247
48 362
142 131
37 191
14 252
132 30
123 30
114 274
139 67
141 162
151 342
53 84
26 179
19 155
45 257
71 228
181 82
183 300
41 354
139 130
123 287
78 246
73 139
71 105
150 277
162 18
168 239
124 316
120 263
134 165
69 332
15 99
85 106
9 88
107 229
93 271
75 230
104 369
154 41
20 98
62 70
130 125
68 160
103 167
108 284
67 234
160 231
53 115
91 247
164 78
160 4
167 215
13 207
105 333
104 5
164 105
123 130
45 85
166 249
61 242
111 318
27 291
18 167
57 197
62 290
65 11
73 264
121 347
70 2
119 208
13 247
175 12
169 159
123 162
152 47
120 22
63 110
161 45
70 84
70 356
179 225
170 203
51 351
45 101
38 234
128 243
17 119
142 210
170 359
97 93
99 135
52 169
56 134
170 201
58 159
158 208
4 104
135 257
142 159
28 5
38 191
37 183
145 339
70 221
74 169
46 110
114 50
164 293
73 76
54 307
168 290
140 22
24 230
102 12
123 22
120 330
146 350
98 365
177 11
101 306
160 359
118 149
58 341
40 90
87 30
99 365
58 205
51 297
164 323
72 73
169 232
74 316
87 61
71 88
55 146
59 267
81 51
121 345
116 192
91 334
84 35
178 121
81 44
17 105
9 177
64 270
111 322
22 47
102 21
75 186
124 331
42 164
103 185
83 207
4 295
77 226
64 19
128 346
103 276
62 35
58 343
20 232
180 10
185 370
50 62
100 282
42 61
88 255
137 27
111 327
24 17
143 29
102 147
54 257
164 369
8 343
165 74
97 182
166 269
69 172
145 342
13 313
1 252
66 218
72 156
76 112
167 131
111 182
175 286
91 344
18 64
108 340
114 259
42 148
107 246
99 326
154 267
29 38
167 112
80 223
64 367
61 203
70 194
137 60
6 119
162 362
33 208
175 339
66 41
89 77
18 262
175 271
15 237
77 238
