232 213
499 5
9 377
15 107
496 379
149 298
484 482
79 268
331 754
176 449
319 191
132 469
218 693
274 402
378 204
80 329
117 806
16 44
419 654
134 762
285 189
1 139
283 97
72 867
54 648
472 53
80 245
3 835
365 466
130 993
231 77
327 482
349 397
258 406
249 780
503 105
410 41
238 436
501 712
8 504
321 63
200 513
360 166
105 1000
423 608
213 987
322 42
239 729
200 687
166 230
22 911
43 263
123 535
32 832
324 1021
372 75
234 357
204 656
141 580
327 887
479 150
70 488
273 295
271 350
215 732
128 915
103 641
72 744
453 746
410 560
322 432
211 410
236 953
331 411
509 118
478 707
269 698
509 407
310 390
99 722
221 539
401 747
500 762
321 552
87 348
100 615
120 485
502 242
353 220
514 278
367 215
426 378
121 423
103 177
168 853
273 877
42 926
496 104
337 754
363 1012
467 545
86 754
95 436
403 516
438 842
453 627
344 692
525 197
30 422
378 586
333 437
290 933
287 215
328 93
251 1023
57 382
41 671
40 117
114 239
149 175
342 719
397 990
234 250
177 73
421 383
323 283
274 12
523 601
140 160
19 385
221 508
211 14
351 40
340 304
497 135
312 79
384 824
392 564
348 92
204 797
371 902
413 722
286 276
270 38
420 162
229 726
250 627
193 240
423 827
369 134
319 8
40 796
160 924
237 441
51 73
374 458
85 444
72 268
212 358
500 736
34 180
436 126
195 288
173 17
442 449
221 837
28 832
190 546
525 108
382 381
334 734
160 349
179 188
452 332
109 700
61 694
420 835
85 205
151 169
441 697
157 469
22 1021
260 143
450 745
82 410
418 435
230 720
309 474
284 411
239 895
337 153
413 487
439 623
127 557
181 359
275 330
71 568
384 892
87 112
143 285
124 908
262 28
183 343
462 926
480 385
34 764
167 405
254 951
263 441
372 694
514 813
281 939
235 866
200 469
411 610
293 405
10 5
479 123
476 849
483 835
393 59
73 207
159 997
19 25
480 345
182 253
430 114
355 1018
423 647
178 724
353 13
443 626
308 139
