224 343
448 1
237 309
141 19
347 62
54 642
300 585
491 199
473 797
382 818
128 661
485 832
195 969
185 867
43 761
515 557
25 437
17 44
119 157
315 215
131 1045
269 895
80 677
100 608
183 243
398 955
78 219
312 815
385 741
399 985
159 34
329 404
45 887
339 965
498 582
197 36
115 368
485 947
5 441
296 308
500 819
11 479
291 1030
398 633
514 314
419 533
4 781
93 685
223 783
422 353
500 769
427 754
153 157
201 727
148 997
175 595
196 30
347 109
77 633
487 633
117 380
114 623
71 392
213 125
185 654
256 862
392 728
489 49
88 608
63 743
242 57
27 240
454 236
75 1018
417 92
401 48
327 501
281 493
362 1009
368 322
367 688
296 659
24 597
167 396
315 68
74 955
418 887
145 129
175 379
365 405
357 84
314 113
409 188
480 835
42 13
75 246
113 137
324 97
497 1050
262 718
483 767
461 648
72 1021
520 1010
520 423
54 404
164 635
7 943
200 545
142 502
82 1007
98 882
94 659
315 879
23 414
375 275
436 395
139 945
70 683
239 781
40 363
82 855
3 267
300 706
475 42
101 1035
375 1049
229 613
282 554
513 113
406 220
31 856
163 613
228 30
280 335
335 554
84 529
281 935
85 587
364 288
292 104
365 757
193 703
342 417
57 720
407 865
200 238
114 932
152 628
121 531
158 807
476 67
453 688
282 1043
65 76
291 4
152 310
205 763
31 861
199 564
400 871
490 961
484 241
61 563
30 751
324 187
509 283
254 814
201 786
251 771
199 861
189 867
269 817
261 681
35 863
498 708
304 242
307 560
187 442
465 656
19 150
357 296
373 91
27 840
304 510
487 175
427 140
13 991
492 624
450 877
73 157
21 376
120 389
359 200
41 210
129 298
177 86
158 303
20 113
343 6
381 377
427 50
66 427
263 692
70 863
400 728
329 773
455 288
155 8
262 247
138 353
62 954
66 46
197 134
433 656
283 799
20 455
51 37
9 61
239 803
345 639
27 315
80 378
54 263
143 235
