227 99
316 354
245 119
199 597
259 353
309 626
198 295
222 274
266 41
160 201
153 93
248 602
220 540
61 573
83 373
129 126
261 452
101 25
278 125
287 270
58 367
80 328
203 119
63 137
38 238
249 65
268 636
74 581
157 335
123 522
271 439
260 360
234 369
96 238
205 297
243 5
223 320
13 377
222 563
118 417
286 140
153 323
114 379
268 363
76 55
96 367
254 267
73 12
150 212
62 603
304 361
311 256
207 392
265 238
215 316
262 22
69 455
111 593
37 111
151 340
135 345
12 41
79 459
112 159
98 581
165 98
161 454
320 169
233 258
283 78
254 27
72 167
7 320
213 48
270 181
91 636
114 540
175 70
58 368
28 281
160 168
111 572
75 213
10 456
283 86
184 444
167 213
99 381
144 141
40 132
233 508
195 425
269 136
268 142
140 144
132 124
92 278
108 360
164 354
172 53
91 564
19 73
41 631
275 318
153 131
152 638
276 181
129 512
147 468
151 619
273 112
316 334
77 638
44 191
270 70
151 9
66 396
4 574
294 510
116 445
37 59
93 258
95 272
217 332
36 85
69 155
174 558
172 462
205 138
281 28
68 365
298 510
104 606
69 141
295 394
162 430
113 340
57 337
319 414
175 138
246 352
157 451
319 536
115 299
299 302
305 529
250 21
282 260
145 24
132 423
240 355
308 327
129 182
103 252
17 205
29 246
300 442
19 498
59 405
44 33
297 334
46 401
93 543
72 644
224 605
209 69
158 532
47 449
185 126
72 561
221 219
158 74
296 330
17 520
129 639
245 248
317 447
246 427
184 3
257 280
53 296
10 204
59 468
288 642
307 189
295 292
79 440
90 524
118 502
111 363
173 486
322 421
281 307
315 588
223 130
202 530
244 351
101 208
293 386
69 62
116 242
69 146
200 81
166 382
317 64
311 509
41 428
218 51
319 123
230 433
89 482
204 422
260 277
245 332
290 383
179 606
88 290
287 544
35 499
314 71
57 61
208 66
90 437
183 85
189 535
171 219
181 133
131 175
