230 476
494 120
105 1023
275 410
223 583
403 90
142 335
183 106
278 706
302 1028
174 401
261 443
12 994
418 454
298 467
522 226
294 830
187 387
359 614
176 808
18 823
101 527
439 644
124 749
1 168
407 836
216 646
507 905
172 298
349 161
410 420
267 243
175 628
401 894
505 285
287 429
231 216
360 466
464 892
158 220
361 253
226 519
134 713
261 714
225 831
281 602
468 717
518 517
286 883
288 292
464 661
228 430
264 314
205 156
92 511
128 582
118 55
168 386
332 338
411 890
277 54
297 791
99 81
434 680
247 720
18 224
2 238
132 995
182 94
465 730
513 802
205 853
50 907
8 210
460 408
279 1029
458 991
434 393
57 270
180 1024
521 509
185 843
277 293
291 4
347 884
380 118
233 423
487 1025
411 431
380 205
359 346
470 316
90 244
209 948
26 91
47 570
325 823
306 28
298 33
323 466
59 154
120 465
252 924
477 487
315 978
321 173
355 700
297 942
361 571
467 159
80 146
202 856
135 344
479 631
268 931
349 83
449 86
315 34
509 112
182 926
455 556
13 744
271 260
414 621
70 191
41 992
303 504
348 338
4 1014
224 360
67 893
20 540
449 1002
476 261
421 793
254 209
146 351
402 756
4 116
132 132
116 597
44 802
384 445
508 10
467 1002
151 603
460 378
517 74
38 575
271 519
328 368
513 870
433 654
430 520
520 119
106 353
46 415
233 674
369 93
110 983
178 910
282 840
233 687
162 869
503 454
149 346
501 450
53 631
431 73
500 281
363 825
61 984
20 748
423 933
466 415
470 151
202 958
230 591
224 240
121 590
15 679
62 748
313 290
401 337
270 991
276 157
34 942
100 614
41 711
355 334
412 362
517 454
439 1039
320 459
515 737
314 890
353 107
217 252
439 74
146 959
382 510
265 528
135 90
326 357
474 968
469 1036
160 681
369 582
70 107
487 317
414 536
393 4
171 1016
209 458
510 1001
195 81
491 388
152 114
253 316
319 737
206 984
276 730
499 563
281 274
63 165
194 511
365 70
152 291
25 853
476 34
386 403
