228 61
270 3
102 414
66 408
192 188
229 236
179 422
82 461
203 372
21 173
58 478
102 87
89 20
281 558
43 233
110 124
242 488
214 474
4 264
15 307
169 387
114 104
231 579
207 475
106 591
108 18
109 519
44 265
205 5
272 373
10 526
292 204
191 311
123 258
41 335
26 534
80 275
22 447
251 185
179 530
100 78
26 316
136 512
15 41
288 384
291 440
61 447
63 512
196 276
178 115
44 247
208 159
103 239
63 511
94 600
249 544
122 599
284 604
28 358
42 309
195 404
18 525
298 80
241 503
87 117
123 259
1 294
26 487
187 493
104 390
237 293
98 471
54 582
185 228
117 434
258 588
169 23
197 394
82 102
261 67
115 452
207 406
32 322
291 91
114 575
199 211
247 130
254 500
235 227
213 75
23 468
24 265
184 587
294 563
291 301
243 349
157 417
10 382
101 601
120 171
197 69
148 112
120 368
178 328
8 169
170 558
83 108
243 599
271 182
3 515
207 291
86 81
274 581
179 593
72 555
73 230
187 85
283 523
86 109
2 303
130 479
14 497
140 59
213 291
118 257
249 14
256 324
123 253
95 587
106 183
5 245
285 526
92 106
133 230
42 379
148 300
184 408
268 545
154 374
189 130
257 457
130 481
67 191
262 601
298 65
68 390
16 250
224 240
169 524
75 128
28 14
263 557
30 282
127 200
9 363
70 479
226 220
296 103
69 549
167 538
177 554
239 559
300 111
58 3
28 115
151 398
173 593
226 96
187 437
157 18
210 353
228 5
264 328
77 156
114 73
207 287
208 409
294 321
30 312
118 595
279 278
17 465
264 427
61 374
285 469
130 137
131 36
250 32
115 337
206 137
186 357
34 110
139 1
303 96
53 328
283 466
62 535
282 283
227 521
161 148
24 255
152 503
279 315
68 41
271 505
93 108
84 83
252 262
207 3
136 180
50 558
138 39
254 119
86 572
246 95
12 563
259 376
48 389
117 76
76 528
68 210
85 119
157 541
232 482
50 176
228 300
191 588
5 93
122 233
