235 237
223 121
345 580
376 245
159 60
338 608
374 311
168 476
261 282
148 216
83 283
351 608
36 105
114 687
56 538
336 418
367 95
375 155
37 7
269 34
8 536
15 272
231 428
213 544
177 220
153 189
40 687
168 734
270 709
193 475
346 484
293 361
202 444
29 665
301 419
122 639
123 695
57 427
263 751
12 205
245 157
245 208
180 266
316 644
170 378
287 20
44 402
229 293
296 344
264 392
270 554
159 517
221 768
383 362
178 80
294 533
138 379
232 728
224 635
378 206
281 164
306 663
354 632
252 92
150 729
73 340
84 757
97 28
196 211
81 398
378 355
57 577
78 614
374 644
371 160
123 184
111 481
376 336
328 409
175 319
103 637
320 218
174 527
45 69
382 450
159 386
138 68
324 753
241 608
36 597
347 466
196 67
252 348
286 343
344 341
182 474
227 746
379 429
161 654
172 508
279 186
299 762
16 423
51 609
356 343
131 441
324 529
201 35
228 537
206 300
266 617
227 315
37 43
383 589
150 367
34 551
96 523
214 199
168 233
127 677
182 40
176 571
115 722
275 736
373 749
18 747
134 363
43 430
206 584
36 243
265 490
218 56
259 742
112 601
90 595
327 765
308 209
198 298
183 503
151 571
84 202
74 721
82 203
177 107
57 59
197 432
36 122
71 694
30 438
36 642
48 642
204 339
320 382
86 96
368 81
88 511
296 109
237 158
243 573
384 663
25 272
354 354
243 152
149 201
255 509
303 288
311 109
336 116
198 682
27 647
20 652
266 457
211 436
42 259
338 507
352 389
258 753
82 137
47 276
215 515
316 624
42 217
281 201
335 727
211 471
95 753
379 565
117 136
254 747
312 736
329 83
192 101
238 463
299 768
246 554
79 355
138 267
81 222
37 319
191 127
14 763
158 724
255 506
182 66
344 199
336 641
85 678
159 667
79 642
212 595
256 278
121 205
350 374
55 121
211 45
102 572
43 701
142 361
295 174
1 160
302 762
237 672
383 85
304 545
209 214
59 714
79 342
211 738
95 574
122 418
67 364
59 183
288 221
268 473
354 288
300 403
