238 457
533 499
84 882
90 516
40 85
180 397
349 336
48 289
542 1004
185 111
132 325
288 698
119 215
200 755
88 792
405 757
164 691
353 135
257 747
407 1049
105 496
536 32
461 818
497 187
530 941
180 858
4 149
338 902
357 156
528 749
79 131
14 1026
157 497
427 1009
501 301
367 872
147 192
201 123
25 270
299 633
542 85
287 432
336 571
353 801
271 509
210 119
220 309
348 194
492 1083
259 71
459 1109
224 1069
187 79
292 206
66 466
188 972
541 120
12 94
440 132
461 1037
117 313
442 654
477 1034
131 406
180 312
455 420
196 996
403 700
165 401
435 1005
313 280
393 777
384 1079
147 804
264 846
254 449
466 935
533 255
18 382
474 619
269 966
486 428
207 934
239 798
371 809
532 1094
142 952
380 806
471 821
125 1008
99 609
546 914
179 89
131 511
422 261
414 561
53 143
311 1088
130 875
546 978
209 328
443 36
190 786
370 532
40 453
488 328
372 520
69 1039
415 678
37 466
60 189
265 939
21 674
19 249
316 69
530 760
358 776
141 386
170 392
9 908
170 129
258 380
450 333
443 754
237 639
343 1007
284 24
442 915
175 318
482 345
20 388
122 987
184 20
516 660
464 465
417 935
189 919
176 666
511 873
510 58
222 781
28 1025
439 524
53 163
39 420
3 603
163 180
174 736
137 458
457 142
293 738
69 610
229 622
257 17
149 1097
178 825
516 2
424 237
494 757
3 50
15 42
155 538
441 460
314 81
56 487
29 723
296 696
546 952
50 205
226 210
478 534
120 121
462 1048
505 573
387 798
308 1088
422 350
165 407
482 329
325 534
383 432
272 1046
409 516
318 1004
491 431
317 910
545 591
428 911
155 434
121 460
295 144
390 1090
241 1012
315 402
158 173
214 614
320 366
455 43
71 1065
197 343
261 184
41 1020
427 424
50 1065
316 283
24 393
478 622
119 1006
286 1072
246 303
473 581
322 169
245 1090
223 746
449 282
428 408
176 92
23 782
413 429
16 374
360 551
315 352
11 785
287 655
102 353
117 776
228 631
187 220
152 969
45 973
280 116
501 319
263 166
352 561
65 582
218 39
150 345
167 32
14 25
