236 568
173 360
447 725
406 752
492 877
381 975
190 468
320 1092
408 1127
365 1107
99 120
456 32
123 829
101 1075
459 1085
87 1001
340 925
254 252
120 52
428 1171
16 1027
432 1030
399 57
494 876
468 236
166 320
344 208
459 1020
398 438
377 462
246 437
500 298
478 816
531 90
584 603
408 1103
193 993
165 1142
65 967
509 405
185 82
441 546
223 1134
512 152
432 405
127 73
402 626
96 333
166 488
587 376
131 662
135 441
258 394
574 521
408 18
478 517
164 345
587 346
248 660
106 375
433 954
295 350
197 27
131 1006
524 1067
445 1012
385 249
433 517
162 1116
125 267
430 81
54 181
106 1006
341 809
507 252
427 209
286 1119
375 305
564 1157
217 608
57 237
22 676
226 497
71 217
525 712
156 954
183 1048
396 22
586 534
294 702
504 857
44 889
81 1110
302 239
48 182
334 446
56 1117
29 995
247 215
539 300
427 596
61 321
118 247
30 799
200 1172
352 777
540 40
89 1142
366 43
417 924
372 567
342 1008
527 1149
109 182
583 832
72 100
571 910
130 347
31 829
287 528
306 591
371 857
77 287
136 728
466 632
295 761
208 701
441 654
273 663
425 781
271 945
11 1031
340 534
343 305
180 456
548 679
419 62
347 623
151 763
128 291
177 967
23 591
77 663
186 355
286 567
581 875
364 683
55 192
114 895
251 916
164 63
252 347
80 995
259 96
469 643
106 308
157 19
14 689
53 401
505 368
502 912
548 788
247 801
46 272
336 1041
187 205
344 198
351 907
263 990
488 957
39 188
348 323
135 925
123 156
12 143
275 253
302 162
146 221
146 823
561 336
488 298
387 65
244 339
209 423
183 577
568 910
289 1104
196 546
555 956
183 436
486 39
262 237
171 903
556 152
475 143
549 622
238 442
290 1176
416 864
376 839
553 220
463 544
179 28
109 492
506 697
474 1171
102 902
20 168
199 615
103 1133
130 1077
366 382
495 526
205 1168
76 687
437 956
424 636
591 1112
358 983
148 1040
500 961
23 1058
522 438
241 860
469 881
6 249
432 708
464 834
287 441
361 854
516 37
58 465
162 147
488 821
60 894
129 790
60 670
