243 106
111 400
109 206
145 468
36 379
40 516
66 312
96 44
116 244
236 49
243 27
28 101
141 374
261 46
225 222
256 113
129 179
103 426
195 542
185 19
189 425
68 127
45 181
135 212
136 181
172 537
134 446
249 507
261 49
5 144
167 5
132 244
94 488
73 47
226 477
231 128
202 344
4 223
50 78
273 489
93 131
79 527
159 82
110 15
33 21
231 247
271 498
104 42
253 63
84 216
6 185
263 389
134 390
20 327
72 448
212 502
196 246
106 274
162 421
92 78
263 512
269 473
42 455
238 501
204 199
53 475
120 233
221 508
130 311
142 306
47 26
24 179
226 445
123 246
35 311
207 85
137 170
217 454
152 288
197 538
11 508
220 232
160 352
249 128
76 434
237 184
224 218
271 322
207 427
148 128
249 408
129 252
163 447
39 65
243 268
260 450
221 68
6 92
249 16
164 534
21 114
271 298
59 64
169 246
30 50
2 448
116 446
217 438
245 381
200 464
89 72
196 25
238 256
212 81
181 254
67 155
244 225
200 132
17 63
246 525
184 549
264 98
99 120
206 18
118 317
114 545
20 112
261 87
261 389
94 48
70 443
112 62
138 329
90 438
185 364
245 135
97 196
229 399
179 47
125 476
48 183
39 344
225 215
156 429
208 172
127 538
260 242
26 271
23 18
161 257
236 60
76 108
259 253
79 64
153 505
260 53
107 310
151 127
89 106
79 168
54 453
146 273
150 128
83 520
144 192
53 397
175 527
171 464
235 525
217 151
217 90
255 306
63 403
196 351
105 207
256 27
122 359
11 15
97 440
199 72
25 3
248 109
165 440
248 6
266 142
109 274
241 102
255 491
248 185
53 487
224 175
161 169
70 327
257 110
228 378
181 270
83 256
25 250
35 477
232 481
48 196
141 166
225 170
270 308
3 355
242 297
119 23
75 202
209 267
41 370
69 19
50 75
211 108
138 104
218 65
139 246
243 261
70 476
191 482
144 207
27 327
107 440
85 110
237 8
113 308
267 307
138 109
269 63
18 56
196 411
239 66
158 420
33 543
50 248
169 94
251 108
38 225
113 3
16 472
121 319
61 197
151 423
150 446
274 137
