237 536
565 718
377 358
468 652
624 558
478 946
550 781
353 642
393 399
145 867
323 398
568 934
338 839
549 189
523 1132
246 775
172 497
267 518
313 1056
435 419
403 433
76 1113
392 5
483 1191
447 786
325 294
484 393
178 1174
27 1093
577 2
182 390
293 611
94 312
591 1119
156 1110
121 1104
206 440
53 393
183 994
536 955
143 594
57 920
311 432
547 1111
458 1129
88 338
126 1223
588 65
351 461
96 327
364 1099
318 897
6 890
73 386
372 221
298 719
511 466
241 708
360 835
527 1171
172 1179
174 134
180 722
424 1178
403 983
122 299
18 213
403 226
532 270
515 542
45 934
476 1204
588 1015
407 349
606 1035
334 992
207 751
375 275
482 233
302 1239
491 1058
514 84
462 390
457 188
176 903
285 1223
242 76
356 997
61 808
241 1078
205 221
230 441
11 402
402 293
6 1017
618 178
412 290
81 841
31 46
338 934
432 1141
45 411
106 970
386 17
8 359
378 1196
257 188
81 27
92 391
594 776
341 280
294 407
563 69
250 898
33 533
1 718
434 739
572 1035
505 985
157 1077
12 720
534 128
421 158
311 903
258 1170
35 57
592 1220
143 130
86 1236
111 714
616 66
256 1197
226 190
241 148
534 1013
238 27
192 473
170 1197
212 1058
316 576
384 204
598 235
520 910
300 894
117 726
240 645
385 316
77 127
461 133
377 556
166 284
279 504
17 83
536 797
86 71
273 180
501 391
424 756
561 974
262 377
84 981
210 268
50 787
493 74
517 235
381 650
162 6
30 800
89 409
393 1181
192 581
56 415
134 243
107 218
41 493
85 131
573 1015
345 517
199 1161
482 152
562 814
207 61
236 995
82 493
89 460
187 358
324 1099
413 1118
495 1198
517 358
336 631
424 844
376 705
538 999
253 110
392 1227
296 1169
357 531
148 71
365 760
598 1218
339 607
540 243
420 485
202 31
206 1060
614 508
122 653
317 151
191 533
56 506
162 289
206 827
478 119
70 135
517 1199
128 577
409 52
183 348
624 260
323 1252
615 782
464 86
245 352
4 366
594 379
193 1203
23 615
168 749
514 352
561 839
335 361
59 1227
66 1208
183 295
221 718
586 1185
17 76
