242 219
178 385
204 200
137 466
7 393
232 336
160 469
182 355
109 61
221 180
47 234
132 24
71 360
43 230
35 177
240 441
29 205
24 303
113 301
176 369
176 20
41 254
153 125
226 471
214 249
2 77
108 65
42 239
173 88
92 356
235 153
214 121
180 124
173 243
59 440
22 367
132 158
123 185
87 388
137 442
155 116
216 210
226 176
231 280
213 57
68 324
155 115
74 171
202 342
67 378
86 176
174 314
114 160
86 176
55 411
131 207
48 372
133 482
174 321
134 394
219 362
151 166
3 224
96 12
43 483
21 185
8 362
108 216
224 114
5 304
207 301
194 245
60 103
243 176
181 476
162 137
128 318
49 53
163 205
111 343
8 318
186 10
233 242
116 197
12 418
177 56
102 449
191 212
182 305
166 196
31 359
190 352
103 14
189 359
90 219
127 24
210 163
128 444
103 409
195 377
46 356
89 454
80 302
143 383
131 363
229 100
191 222
69 460
126 233
188 433
52 24
139 96
94 290
133 274
60 243
40 318
174 1
4 8
137 423
48 115
204 468
56 75
204 219
141 435
105 358
167 400
9 280
194 254
183 99
104 167
62 295
224 371
235 470
137 418
63 288
161 257
98 61
181 319
95 190
27 442
61 214
107 411
188 239
138 262
90 437
8 315
240 458
29 476
46 432
128 416
55 171
152 154
58 140
180 28
83 265
184 54
156 365
30 460
128 399
170 411
180 86
152 118
233 127
191 444
157 36
152 47
159 267
15 436
36 77
213 266
42 402
2 146
145 31
203 132
127 60
184 129
37 436
86 292
89 473
209 89
163 310
147 405
32 385
30 165
222 333
98 347
206 186
221 310
134 305
114 167
120 478
227 149
159 324
168 93
18 150
214 165
96 211
5 4
95 161
119 139
207 463
29 56
25 472
103 417
55 366
195 15
97 57
213 439
72 417
97 451
185 32
35 112
164 343
185 57
177 435
137 292
152 389
3 252
209 143
123 295
100 109
167 95
39 354
234 257
174 383
147 363
18 269
191 447
71 262
38 269
142 25
192 383
103 375
24 228
160 347
24 478
19 121
59 153
228 232
58 424
119 128
94 35
172 226
