239 572
512 340
480 483
306 340
198 655
531 434
72 629
26 13
62 628
504 896
32 797
245 949
513 740
569 656
4 884
344 420
20 170
118 291
191 325
464 609
408 1094
402 377
22 970
125 305
327 789
135 223
466 951
66 439
542 878
571 891
99 788
23 904
194 944
147 1019
357 390
528 491
480 1001
401 647
306 503
111 180
25 142
376 242
68 385
560 472
533 640
524 1045
317 682
391 410
351 723
537 373
562 922
389 694
114 8
224 191
192 149
9 904
37 1138
364 25
142 798
130 265
202 536
68 362
149 507
386 1038
256 473
192 794
337 953
237 747
314 267
551 627
472 1113
267 922
213 1065
154 391
505 795
390 868
354 350
432 558
317 37
65 587
428 1106
175 557
534 960
37 734
261 312
187 967
233 168
468 844
155 136
126 235
282 891
286 711
277 545
257 675
114 258
85 118
535 588
111 298
312 298
477 815
393 349
379 996
510 502
380 1050
82 1151
537 351
107 697
95 247
66 988
381 441
478 1081
528 788
205 411
214 503
40 307
530 894
514 787
165 56
252 624
401 594
342 105
435 308
13 894
148 239
445 26
61 412
77 834
130 169
149 598
239 922
432 36
209 1121
158 1096
157 212
199 951
69 584
132 921
66 578
52 417
264 1145
497 228
267 989
177 360
413 384
216 296
236 140
493 534
29 1136
38 325
565 594
513 1105
431 853
526 64
132 560
277 141
371 552
460 901
514 14
455 1059
153 502
21 708
499 703
281 860
13 4
302 1141
504 930
63 548
311 721
338 84
362 595
468 1023
131 478
573 556
242 141
329 112
182 737
188 679
428 72
418 1073
96 573
286 163
572 826
564 677
269 751
564 69
140 940
358 136
344 92
313 256
223 702
382 793
206 123
367 289
571 128
77 828
9 54
494 329
249 268
98 200
134 841
68 920
80 583
319 331
212 157
474 593
283 87
44 930
421 1155
307 227
211 1097
520 560
183 688
467 781
161 22
210 263
185 299
201 763
334 908
524 39
159 35
230 648
388 957
196 776
372 765
357 1091
208 606
206 243
18 350
343 267
259 78
182 369
100 521
19 398
160 171
392 670
263 858
422 850
481 995
234 188
112 402
