241 30
235 106
226 80
80 394
23 165
239 87
75 12
255 476
76 195
48 226
221 48
23 214
136 448
73 297
159 246
23 288
256 470
200 162
32 189
208 179
106 218
177 9
223 314
123 297
154 218
87 236
236 191
42 222
91 194
155 101
248 53
114 243
145 133
206 321
53 156
162 145
88 123
217 451
89 400
102 464
114 9
87 129
8 512
151 160
96 17
6 488
124 194
17 358
246 243
104 19
44 135
39 304
187 92
27 282
43 465
33 193
28 158
74 332
109 262
47 246
91 26
175 117
154 493
147 275
30 431
203 451
157 157
101 139
53 252
217 28
107 288
104 141
22 61
84 454
65 21
248 181
225 486
250 319
227 280
160 481
126 445
45 237
197 240
172 469
235 356
66 7
109 173
47 316
13 182
227 107
111 292
223 216
26 419
93 144
224 481
87 448
79 308
168 513
121 412
18 112
136 31
88 447
6 198
181 150
225 15
169 430
156 485
135 262
61 113
235 99
198 508
80 283
194 175
201 499
81 30
239 136
247 123
43 26
4 328
69 292
54 507
242 119
86 294
112 436
120 186
134 418
85 61
112 453
42 418
33 85
144 136
228 170
112 431
250 298
255 143
33 164
78 307
9 498
197 449
146 330
4 430
208 212
238 462
28 181
1 373
235 498
183 247
71 264
254 117
144 251
33 293
48 396
93 218
229 291
64 493
232 288
161 352
115 345
92 152
210 472
256 496
17 340
98 475
129 508
186 192
11 460
229 508
76 119
192 72
206 361
71 200
184 436
212 516
138 311
238 64
58 106
27 495
55 112
18 459
107 361
74 342
173 364
107 21
47 268
162 34
157 318
123 110
37 39
16 277
47 318
202 54
190 319
71 25
199 386
113 426
152 84
64 48
78 423
24 309
39 136
23 303
179 34
112 464
46 7
135 415
157 253
162 181
59 31
251 301
51 156
162 340
100 27
94 378
10 174
94 486
9 503
221 70
203 279
163 393
121 249
28 240
191 165
244 338
142 175
234 302
150 468
37 324
118 220
27 423
94 45
57 492
126 303
107 130
94 238
112 255
41 152
236 92
59 502
155 74
159 473
165 507
63 271
