240 386
170 532
680 986
606 297
194 131
526 1
634 859
582 36
181 209
418 904
573 292
113 1375
610 1014
272 797
551 686
540 714
3 503
309 266
457 1067
375 878
487 305
83 30
267 274
256 646
178 216
122 527
607 116
557 587
463 220
456 344
671 565
191 409
54 1051
527 1085
386 10
449 387
151 339
167 907
46 56
684 871
267 174
500 355
263 626
207 883
269 853
369 58
177 143
430 794
582 39
513 75
166 282
103 879
546 1227
33 963
366 754
461 116
339 105
199 23
242 795
199 203
562 948
596 1170
389 500
548 142
300 41
651 1374
214 1109
389 366
498 1093
224 823
475 1269
591 431
364 266
38 241
479 598
268 377
275 567
400 1153
121 665
389 1103
566 1204
7 868
338 551
396 752
604 1279
13 100
400 768
439 452
344 626
83 1252
155 244
2 421
353 667
174 781
610 1267
516 1209
622 1257
357 61
398 701
358 455
367 1228
404 84
133 824
49 386
563 546
68 1014
471 535
520 664
134 1282
541 700
654 327
413 682
367 616
258 640
459 251
122 1322
14 522
58 1333
246 104
435 1174
611 1360
274 900
76 514
650 1224
160 247
429 1205
33 980
531 963
615 102
164 1337
641 456
278 760
490 368
616 87
419 369
677 562
261 155
19 854
218 225
534 1234
460 1274
460 214
320 1111
34 1259
587 897
295 894
411 1111
334 159
618 557
373 1019
236 107
182 699
21 722
511 786
413 336
142 395
368 711
321 1084
142 380
591 917
604 199
42 174
181 353
424 495
130 838
83 315
408 1066
49 1117
224 982
223 775
50 911
412 987
158 115
232 13
270 976
602 1153
679 26
280 359
168 940
311 480
40 1195
576 532
502 1357
49 497
390 1197
62 1321
255 799
352 1271
666 323
601 136
194 1116
466 366
1 1043
31 815
391 235
147 1158
217 561
546 1264
636 424
199 27
53 405
84 1195
512 324
306 1058
673 243
304 1371
91 1022
546 884
194 1306
468 605
679 1261
579 355
442 1194
380 70
589 1236
679 688
524 630
205 769
601 8
321 1002
193 932
686 1347
370 1161
668 963
195 502
344 1091
667 1358
88 67
278 283
38 1055
209 772
639 809
26 972
3 1135
129 593
194 1198
187 1191
60 862
107 63
378 1212
250 144
