234 45
222 284
154 325
198 298
207 384
203 161
99 328
173 335
138 275
201 137
4 143
168 168
193 317
78 74
227 277
184 89
225 250
26 278
15 223
157 426
135 400
207 208
4 132
134 309
209 247
118 77
72 314
49 467
133 358
211 413
222 41
98 310
164 180
171 452
83 41
181 148
42 91
135 355
106 473
128 81
230 167
50 75
51 438
74 22
172 144
76 400
120 398
5 244
2 162
199 211
156 173
126 377
175 136
160 314
131 207
186 30
75 206
85 73
66 8
147 444
118 241
132 27
63 312
23 149
160 348
135 287
64 408
56 198
98 221
98 72
68 374
3 426
53 206
151 93
7 309
89 449
93 411
207 101
8 82
225 154
202 466
58 343
73 314
46 26
100 426
187 355
142 80
230 179
56 188
185 378
199 145
207 54
72 452
203 221
47 1
222 297
73 68
19 123
151 472
198 150
43 442
191 411
184 67
93 76
108 229
143 465
192 71
193 180
22 20
136 318
164 1
72 32
199 442
77 192
166 257
66 452
35 274
162 325
41 166
164 279
98 474
191 447
204 114
58 96
16 248
218 119
222 432
173 70
156 420
43 211
145 275
119 453
94 147
86 397
16 100
214 427
123 354
45 232
125 95
185 172
144 265
219 45
36 89
70 406
210 454
162 464
5 179
223 318
107 354
120 144
142 344
128 199
66 429
64 184
25 184
12 9
188 154
19 108
161 220
61 79
16 8
77 154
120 78
2 342
236 436
42 142
111 309
66 35
132 229
210 63
88 152
125 340
82 117
145 456
40 53
108 50
1 83
203 390
169 322
42 247
109 34
134 236
93 43
100 72
60 296
192 337
235 156
208 284
175 30
47 239
216 452
91 214
34 246
23 300
65 8
113 15
50 54
236 136
53 184
57 442
111 435
201 414
2 436
133 464
153 71
43 230
87 275
101 350
147 396
209 262
117 349
41 135
220 130
24 296
220 269
4 330
75 279
154 335
214 315
96 445
54 95
98 323
6 467
118 125
150 389
195 108
52 227
131 233
151 30
236 400
178 83
211 220
182 175
48 145
91 415
