252 320
387 196
249 33
251 1020
331 213
521 540
450 779
127 78
228 259
176 652
52 731
398 918
116 820
374 579
161 184
266 85
221 59
316 645
303 268
179 689
488 848
99 944
147 1051
171 536
478 280
101 1047
78 650
107 545
275 946
513 704
61 899
278 906
501 905
36 559
110 767
376 793
346 176
139 203
366 678
416 904
256 424
257 663
57 425
536 754
136 851
223 142
190 655
90 1032
303 446
352 292
55 873
335 339
482 347
492 1072
423 308
167 500
344 154
321 861
182 26
229 969
105 712
408 346
56 637
364 100
416 964
62 585
271 692
233 134
487 483
343 433
466 886
489 294
175 668
52 857
66 487
312 337
304 497
33 317
104 705
47 741
333 900
152 888
353 606
122 530
279 613
435 402
102 925
386 876
141 451
238 76
528 119
367 617
115 790
504 477
130 986
278 1051
149 134
460 1034
107 226
113 191
329 786
266 616
174 449
432 1074
208 370
518 912
317 573
194 1039
112 557
146 749
519 883
101 481
261 16
130 129
425 136
459 899
532 858
309 876
290 261
81 440
503 22
145 826
263 553
292 1032
369 31
153 654
141 241
442 522
81 612
51 449
297 280
171 720
283 1057
279 441
215 326
238 492
152 1013
483 602
320 969
401 751
458 800
125 1017
354 622
389 267
521 702
308 118
110 954
104 1013
278 273
155 881
528 644
209 863
436 355
81 36
282 367
518 134
506 551
63 337
31 126
216 890
375 873
285 915
83 169
137 959
356 448
200 968
305 519
440 729
382 213
420 602
167 91
388 895
143 900
425 36
172 751
70 902
517 881
406 898
473 907
65 717
440 539
458 756
471 845
352 318
385 86
491 928
506 329
520 1007
202 57
287 949
290 179
411 324
304 195
81 18
365 360
351 532
292 371
73 275
174 607
95 202
29 66
194 98
456 674
402 385
88 466
169 870
213 605
3 339
434 728
194 35
443 548
506 186
62 365
278 937
135 108
157 288
374 285
43 176
455 484
350 705
83 602
256 1043
307 694
496 543
345 808
522 882
118 167
150 796
375 1029
161 622
170 137
25 875
27 1039
157 121
76 933
449 725
369 774
210 662
407 418
358 463
52 411
521 331
366 299
402 210
16 1014
537 799
466 764
442 230
134 194
173 276
313 973
173 528
208 24
