248 575
134 1210
357 50
432 999
525 238
237 509
140 1147
52 592
443 1056
586 887
536 538
205 358
622 166
594 796
438 771
185 165
505 587
151 1251
113 234
382 600
649 411
525 1275
443 329
127 166
3 320
565 162
119 97
90 229
304 101
576 104
349 836
626 699
193 956
438 1083
152 19
109 155
179 764
283 829
396 91
196 1237
129 959
604 672
491 825
218 652
267 1120
26 1281
453 1122
326 1295
106 554
19 1274
85 257
429 611
208 394
362 329
501 228
78 790
82 228
177 677
482 431
344 302
180 1264
384 457
629 594
97 87
449 246
57 295
376 713
2 23
317 953
246 121
331 1105
213 447
573 247
543 619
98 1165
411 378
417 43
66 783
620 875
568 238
608 1231
490 1218
425 86
6 1123
105 579
419 126
429 332
186 670
422 67
476 203
328 414
620 1309
27 134
318 157
68 755
516 308
175 280
234 1194
459 1234
490 928
267 646
332 230
411 1218
79 1043
461 119
158 1199
506 235
315 1139
547 1138
582 1044
473 685
399 388
186 1229
164 923
286 265
399 615
335 295
451 1112
643 849
638 1091
406 1282
430 854
329 327
644 654
575 552
528 594
50 731
169 1040
27 1294
417 1013
617 871
575 309
160 1119
31 466
507 1217
320 740
344 595
520 1298
196 1029
240 779
599 686
282 1179
644 1301
431 1202
109 72
459 959
562 579
218 1046
570 787
581 1067
361 1238
586 1075
592 1008
133 53
144 1040
341 584
323 838
317 789
167 314
555 51
401 425
40 800
484 472
560 57
614 548
624 823
443 941
4 1009
461 555
194 187
150 1196
243 1
66 127
186 1298
555 698
82 1290
602 267
504 972
214 1247
358 1032
547 1071
579 1311
112 173
366 1046
244 471
605 903
531 937
259 427
65 499
380 887
582 489
73 711
35 140
161 499
365 1257
69 1150
591 830
33 1154
314 577
633 400
130 1212
49 504
67 1264
397 801
504 1230
587 1050
482 1239
184 770
431 443
309 396
112 957
72 314
236 285
150 15
224 1290
222 864
78 208
165 471
265 473
43 1300
233 537
159 817
526 666
125 526
241 1192
437 119
74 1096
464 1029
425 826
572 874
532 488
35 982
249 73
110 1010
131 302
12 387
211 1051
439 1271
304 513
632 291
293 398
192 878
196 675
603 822
513 475
240 523
1 710
15 163
290 570
