249 241
118 73
52 482
91 320
238 268
17 179
188 351
235 129
114 268
282 571
92 49
8 153
217 76
32 87
282 550
247 307
199 550
124 481
157 143
282 532
229 143
7 270
63 421
111 467
117 194
75 541
223 191
76 564
152 43
140 217
194 481
193 483
284 552
250 524
54 495
114 134
85 46
195 113
27 215
23 18
135 22
184 383
40 12
114 24
111 529
1 284
125 538
17 143
286 189
46 513
121 294
278 174
158 255
85 269
29 427
99 554
22 175
63 3
39 186
6 376
131 311
205 336
81 90
72 567
93 148
107 58
231 447
135 258
42 288
21 325
95 502
125 190
60 369
139 93
174 274
119 518
288 282
250 165
13 5
9 408
262 569
275 252
57 572
222 563
55 422
149 93
33 427
255 134
15 456
72 77
27 10
172 381
43 478
27 337
169 80
285 470
53 375
254 567
139 273
282 313
266 71
190 518
228 21
83 576
191 522
265 24
103 103
235 413
125 196
271 358
218 410
18 265
206 418
13 407
58 414
221 166
33 347
276 7
180 235
96 185
170 185
136 575
10 155
286 574
76 499
135 318
2 574
82 563
34 219
275 67
211 148
235 300
49 490
195 367
16 275
181 216
123 270
123 526
173 96
79 220
124 288
72 175
54 220
28 436
190 376
230 570
163 15
191 189
267 27
54 108
2 445
118 454
224 50
172 440
223 137
256 339
145 260
25 334
247 206
78 295
71 505
114 519
72 434
216 186
277 473
193 230
221 83
98 499
44 529
22 219
16 338
241 416
94 531
254 456
191 143
37 514
46 166
270 78
288 258
251 15
198 514
119 175
10 75
288 285
64 10
210 117
169 377
273 314
50 175
284 12
200 6
30 136
54 259
17 130
271 183
129 298
258 404
231 134
151 180
75 449
38 141
32 100
19 107
25 426
6 9
181 491
83 165
136 491
67 254
215 327
12 134
27 108
246 486
154 9
133 451
164 63
184 255
232 324
237 207
112 547
17 472
222 31
144 127
2 408
204 267
27 198
214 35
224 548
258 119
78 113
247 274
57 291
150 502
256 51
73 418
50 350
110 21
208 110
6 303
234 528
277 357
244 327
64 317
169 411
139 424
67 529
45 442
211 404
43 111
15 559
