244 146
282 975
323 409
413 279
590 476
549 640
443 867
598 702
399 708
75 170
492 425
556 658
312 1269
631 173
112 53
272 219
408 1174
625 582
513 967
187 1034
168 965
582 942
488 1144
181 188
311 26
529 649
594 786
639 1272
502 247
197 465
59 91
590 1287
100 1227
359 994
635 1087
199 601
131 336
263 887
356 458
424 1255
338 888
651 1171
138 1063
6 319
28 1060
294 735
651 1299
260 1126
478 564
393 541
201 461
107 116
314 497
387 110
349 1198
200 166
485 868
217 1297
602 1157
136 853
368 1060
135 127
581 1215
490 515
63 687
650 574
345 548
214 1211
299 596
160 1067
595 554
96 946
601 852
471 627
429 1113
101 761
194 208
526 533
329 1244
426 1061
146 781
253 478
489 670
69 957
490 751
477 1159
280 1094
490 381
440 765
568 1229
241 214
498 912
391 553
32 855
294 62
456 729
241 18
126 913
97 937
648 482
443 788
619 1163
259 1002
593 930
126 683
414 559
323 544
11 1029
588 791
282 24
355 207
608 908
598 1109
73 21
557 424
409 1084
66 1075
84 1188
84 427
614 785
92 896
26 225
307 375
102 103
598 845
439 135
548 478
255 1195
531 628
230 555
554 175
73 1045
576 121
163 1220
283 36
457 690
115 479
152 1119
355 1050
274 222
356 877
81 1207
149 666
438 1075
334 786
256 193
169 164
558 1018
434 814
103 1291
510 511
258 147
339 531
88 496
579 465
227 658
264 982
531 272
584 770
649 1010
592 545
65 917
237 823
584 956
479 32
551 376
559 318
597 374
351 715
102 702
93 921
499 1214
525 1172
624 310
316 1063
290 1105
591 463
84 659
282 343
296 886
423 852
365 811
495 992
528 1115
283 35
59 391
563 1229
503 206
224 544
556 725
194 927
134 1014
65 306
433 490
371 397
194 821
433 1021
64 905
375 423
217 756
324 1261
434 1209
538 1004
479 438
392 1039
245 621
151 34
516 39
383 487
114 163
561 740
465 283
15 831
624 921
315 995
170 792
108 442
647 338
441 1084
274 682
469 1082
145 133
382 1306
493 1180
553 1116
604 1010
381 713
140 1085
536 1070
516 1114
561 1012
101 32
128 1001
360 932
158 1273
500 928
191 783
464 684
444 745
338 1177
13 184
633 1170
461 1041
84 1099
15 1075
