245 190
162 103
36 443
261 348
375 218
13 489
25 357
109 385
214 477
358 534
47 202
298 721
85 575
104 474
334 725
364 779
41 220
128 101
23 110
342 112
173 611
76 588
401 611
126 620
271 415
400 739
151 330
20 188
312 531
165 171
348 306
113 295
149 76
185 488
127 214
206 643
69 365
54 296
245 366
336 697
339 337
117 180
55 262
15 616
17 12
213 179
280 716
126 591
362 302
374 776
410 104
247 820
231 205
397 419
209 564
302 12
95 28
16 504
29 786
279 544
197 235
108 16
302 166
118 583
256 437
228 515
315 47
279 614
138 436
117 152
396 141
69 509
322 691
120 239
141 345
33 675
268 250
169 694
200 52
362 408
157 404
128 192
388 228
116 390
87 34
407 335
110 766
329 605
208 598
277 534
312 84
391 157
157 758
13 44
350 313
199 505
154 81
313 421
6 822
250 420
360 711
392 679
8 662
233 296
387 584
267 7
120 453
88 209
234 49
61 686
247 393
188 315
43 681
132 168
332 716
30 781
115 32
374 751
12 400
64 784
58 99
71 571
274 26
101 822
278 110
199 555
352 9
66 607
99 511
335 565
25 455
147 340
69 386
218 286
391 359
171 749
41 326
327 70
8 683
201 817
228 260
128 495
190 123
310 389
142 229
176 622
277 714
224 59
368 408
133 556
219 625
125 790
248 109
283 736
212 338
88 751
374 424
62 491
404 87
178 650
271 746
168 435
193 449
56 86
324 600
327 310
385 416
346 85
91 779
15 554
196 515
58 445
19 389
291 805
114 134
178 122
369 303
300 44
220 95
172 574
87 728
213 512
401 154
86 44
373 463
391 261
120 453
90 310
319 475
139 286
303 468
91 340
193 348
289 302
4 724
327 457
354 782
161 627
10 245
296 279
188 182
288 200
378 477
315 95
97 472
242 651
40 331
320 130
194 778
29 600
66 647
106 676
31 706
22 422
169 640
254 14
374 783
163 633
142 38
41 762
203 769
320 745
8 10
267 339
314 785
409 74
287 534
4 191
234 126
228 644
194 501
231 65
399 662
329 84
291 790
226 348
364 736
352 698
46 277
186 699
5 73
115 727
137 745
226 406
107 126
239 163
