253 112
318 58
118 938
47 726
164 901
127 403
235 164
23 282
251 129
182 125
454 655
168 168
142 626
132 23
120 379
439 819
396 255
126 870
133 833
38 823
108 655
304 623
55 415
461 505
372 246
26 247
127 638
160 353
299 677
68 328
212 755
323 385
317 64
283 159
450 813
83 512
146 532
236 858
42 288
185 102
416 499
279 776
403 770
108 413
450 516
309 74
171 779
134 637
236 98
19 241
106 279
305 10
29 2
49 247
375 636
21 189
158 732
336 121
50 464
17 337
165 565
287 854
215 495
187 331
190 672
79 779
271 189
304 696
174 139
178 618
321 95
404 279
131 803
338 780
70 860
175 33
275 491
151 41
429 243
310 242
359 382
461 733
16 790
216 764
300 191
199 907
249 620
414 728
340 441
118 187
137 934
335 593
379 70
42 735
441 308
304 823
326 707
77 36
174 61
321 58
303 929
120 367
427 196
314 390
328 311
65 555
347 183
348 781
273 376
354 315
166 837
221 728
255 454
143 384
141 289
255 28
61 517
175 622
377 547
38 168
303 378
82 113
225 370
181 276
379 539
330 536
186 382
290 660
379 177
290 423
126 418
101 255
43 184
133 388
197 433
401 667
452 416
434 315
304 205
455 224
286 612
376 292
145 550
361 331
396 223
271 901
199 658
411 858
209 893
454 730
350 798
376 483
121 336
39 645
391 822
324 455
352 164
155 591
173 461
104 164
361 403
327 70
175 453
459 88
184 185
138 392
441 146
102 676
458 918
356 153
3 679
241 882
247 508
450 589
51 73
460 590
394 215
433 107
270 665
163 125
261 437
466 440
26 38
306 748
336 196
114 608
168 34
388 784
38 208
19 591
244 535
253 934
361 58
112 546
345 836
296 84
88 571
108 33
143 885
368 321
231 635
361 507
306 890
459 308
364 583
306 564
85 559
239 503
10 732
159 880
308 433
313 491
458 731
78 703
469 731
85 805
163 114
308 438
39 388
290 705
375 438
135 235
123 740
385 734
177 653
348 579
112 9
271 85
8 777
192 79
215 8
77 387
62 207
292 142
275 894
275 426
102 64
153 159
40 58
349 730
57 173
131 273
160 96
414 28
271 731
335 74
464 231
190 562
60 396
133 823
376 176
421 493
35 777
228 468
