246 374
336 881
453 225
22 385
41 764
52 286
397 732
424 879
378 866
202 139
20 475
467 253
383 868
178 84
326 846
286 522
274 404
70 79
476 457
292 718
191 37
4 674
445 724
8 872
4 358
89 411
294 927
68 93
29 131
443 342
341 660
265 682
494 888
344 808
147 417
298 345
178 623
88 634
354 538
391 404
11 653
119 714
482 976
443 182
295 389
125 508
192 413
267 348
450 865
8 843
58 725
82 812
425 20
46 60
80 493
153 311
407 457
152 769
374 12
246 497
54 394
254 716
110 434
374 916
448 308
93 6
401 655
136 195
135 846
72 398
377 127
70 769
466 974
279 864
389 233
46 186
494 148
256 500
45 704
430 5
295 337
402 485
487 742
285 931
30 569
125 646
39 838
264 138
200 824
64 920
212 36
257 30
473 317
114 884
436 499
299 151
50 528
259 97
157 811
367 173
105 246
280 113
241 284
60 350
107 396
387 648
25 454
40 290
479 809
18 426
130 339
423 201
260 31
433 541
13 205
76 262
378 168
123 233
423 346
138 620
313 931
60 458
321 869
199 155
71 826
188 391
74 121
348 694
107 175
250 696
306 398
479 667
474 126
283 284
46 661
210 206
173 582
255 430
267 229
334 991
394 992
322 292
383 699
351 127
398 646
308 574
199 756
20 939
450 205
133 382
314 448
2 941
479 452
164 28
436 686
9 275
476 199
6 919
66 593
4 813
435 867
409 596
349 553
87 988
63 309
221 545
212 808
26 484
134 280
241 203
465 197
449 971
360 958
453 379
452 522
423 491
446 374
373 297
145 124
470 426
271 270
172 116
43 868
410 33
264 753
113 699
166 341
44 213
33 59
166 937
191 362
407 480
36 478
117 491
299 631
281 92
164 93
177 160
55 794
375 260
195 544
412 333
442 561
414 382
197 41
179 758
24 820
355 157
335 626
310 596
254 765
254 910
23 934
224 748
431 655
473 922
171 735
18 706
476 423
385 820
276 424
399 560
336 613
94 563
256 910
370 750
93 186
320 424
453 914
364 364
376 798
131 21
106 258
430 968
54 138
388 908
187 27
433 385
391 166
11 114
227 102
30 851
483 96
254 285
15 134
37 252
274 937
