250 167
637 218
486 399
35 1177
326 260
537 912
132 879
371 1188
376 1008
583 432
279 1351
183 263
367 1243
232 319
693 1028
265 379
61 1408
205 775
83 561
97 691
619 410
617 583
657 152
224 327
541 1089
634 293
411 902
350 690
208 556
542 910
217 749
487 1348
525 211
699 719
227 910
378 7
673 1228
691 703
551 83
215 555
489 443
538 1351
646 80
394 989
355 663
551 1198
186 289
179 709
44 549
66 1357
717 1328
358 1387
715 113
265 759
65 564
299 463
280 1283
452 1348
500 1358
604 923
654 1272
133 1061
706 902
52 353
663 762
663 326
448 561
146 669
112 1005
134 724
322 155
309 370
389 1305
474 43
78 891
497 723
438 625
468 1140
319 1383
277 455
355 920
340 895
364 442
675 798
427 45
143 791
48 499
591 380
506 594
644 65
163 84
654 6
396 289
675 620
573 348
652 308
504 112
315 192
499 151
292 465
200 848
614 37
167 420
192 934
364 79
22 839
218 1027
578 306
633 1277
574 721
174 272
425 68
544 1204
307 1017
656 325
623 662
79 735
502 154
379 860
440 893
123 1022
547 1071
104 1341
183 765
95 1113
269 1260
486 428
322 1166
590 299
253 67
214 93
518 571
290 1095
159 1257
540 1272
290 156
563 859
372 511
197 1180
195 1062
682 272
420 446
87 78
160 1342
653 1316
659 1218
285 659
677 1320
177 1332
278 1270
56 573
232 647
684 814
503 1154
410 679
383 967
504 1147
133 630
366 611
140 736
72 161
448 154
488 523
88 389
175 720
387 593
613 1388
216 1165
211 1415
59 593
675 837
306 850
528 896
660 1067
122 644
655 855
573 1032
136 1070
711 127
583 630
479 1174
409 1232
611 701
193 221
521 43
173 801
30 1292
383 793
296 105
491 960
464 806
553 733
431 1289
8 1080
458 511
151 1043
674 449
396 177
193 569
622 1331
105 262
442 242
403 911
694 992
207 56
635 1004
184 784
643 1428
191 922
478 35
157 624
27 1188
308 77
180 1113
303 913
646 224
351 501
84 164
323 949
345 1087
320 1051
44 454
251 1122
257 1057
394 1232
153 355
271 945
671 13
14 30
642 1258
244 476
586 727
620 1159
305 354
142 255
697 1386
331 234
385 759
248 1051
244 804
159 357
376 933
250 1340
297 575
110 597
662 534
86 817
334 49
129 664
394 1218
580 821
