251 602
467 1284
660 73
370 1021
257 1133
527 531
228 558
583 78
597 379
623 163
310 689
488 1310
565 642
204 623
740 214
715 1188
551 1439
144 1123
394 385
191 1112
293 470
697 1276
203 375
459 67
78 1012
660 697
284 1177
237 96
316 1194
323 447
491 158
555 696
719 1022
471 394
255 18
487 778
588 928
98 1206
70 994
25 635
350 1422
293 310
713 206
352 482
477 858
272 1471
205 757
152 1165
655 887
525 1016
407 1080
258 1294
469 936
115 1308
177 356
739 1208
582 50
623 101
237 1
573 518
29 987
476 1052
391 453
720 700
481 1098
659 351
435 977
612 1410
371 873
510 822
671 337
290 1240
461 604
501 908
448 885
518 921
517 343
283 559
405 1134
282 1366
337 141
197 89
313 1049
384 788
617 811
663 550
80 1478
735 189
74 704
322 807
499 135
676 1049
586 1310
250 802
405 325
296 1150
679 66
372 1036
81 615
504 685
342 454
391 375
312 584
512 777
636 476
505 846
701 705
366 1162
468 554
392 1214
622 1037
186 566
391 365
574 1185
518 345
501 774
74 488
213 274
622 13
287 387
217 1435
338 163
71 1080
615 636
627 551
690 1259
385 381
192 247
446 729
669 1341
602 688
687 451
165 760
43 661
716 109
730 126
618 972
446 1360
348 264
222 1415
646 802
10 1010
103 277
588 468
20 698
706 1471
323 1018
663 1214
289 1461
523 1372
308 60
62 1470
263 286
740 597
236 904
309 92
520 998
707 431
592 217
21 869
666 837
84 632
25 1054
540 809
602 1362
336 896
636 972
196 1354
418 777
97 916
448 1435
658 980
553 682
702 402
682 994
60 302
588 1438
236 729
79 839
413 832
142 380
542 1069
338 926
423 848
146 1360
711 1458
155 778
641 1409
558 274
336 679
596 14
530 195
366 1393
157 197
535 874
630 771
459 870
413 953
249 1298
160 1435
573 109
739 844
522 1470
69 1311
275 620
462 804
346 578
37 707
84 580
699 64
346 352
44 22
571 1044
399 645
368 1161
457 1212
147 1238
47 760
260 28
8 1037
385 417
277 500
118 686
606 1083
119 253
280 1366
58 152
268 835
681 1180
226 526
456 1309
170 35
378 1068
463 42
148 891
178 519
189 1096
721 303
626 100
276 1482
567 821
181 788
295 738
582 447
401 778
675 132
316 766
179 1036
326 215
687 529
488 470
193 437
