247 31
169 313
132 554
412 236
117 798
151 801
31 784
218 597
250 687
407 103
350 372
18 684
236 710
243 169
388 285
78 813
216 539
262 341
185 561
314 579
419 607
399 10
264 653
161 500
68 731
329 269
340 212
163 596
344 338
169 793
11 347
140 604
169 716
351 660
113 598
363 804
332 350
194 707
342 296
167 702
10 437
314 99
65 646
171 48
103 857
20 319
289 492
203 503
347 807
224 584
76 86
163 35
87 166
232 677
280 408
258 632
240 668
401 167
83 432
23 797
224 300
236 111
403 801
389 484
429 11
157 43
31 178
175 152
335 663
394 794
187 167
368 621
150 287
48 238
131 752
6 703
169 331
198 245
109 445
82 92
59 591
16 382
282 636
355 91
285 220
368 282
51 455
85 801
391 206
297 419
203 18
426 316
402 817
275 529
116 87
399 605
157 690
305 607
68 357
333 669
379 669
118 804
408 91
256 412
381 181
215 822
325 784
213 659
283 223
216 256
227 226
333 601
301 604
201 108
302 45
212 72
325 611
31 662
191 520
402 677
120 813
136 172
108 50
107 572
160 8
358 614
432 415
193 410
387 794
127 360
317 343
396 306
173 815
26 367
168 280
55 498
180 389
77 746
205 508
136 219
303 201
382 655
59 558
388 280
63 542
239 152
134 403
33 226
24 797
56 534
121 262
422 151
256 640
69 833
108 24
30 498
106 650
378 328
160 715
205 743
392 455
2 705
210 795
409 298
80 111
39 742
331 805
174 676
78 4
298 11
172 546
73 325
215 710
72 625
9 259
239 517
233 707
287 371
197 478
195 382
43 154
143 269
44 308
260 716
256 260
125 339
245 178
136 797
316 128
264 812
219 606
288 201
163 48
229 50
162 530
417 443
15 422
341 458
425 631
50 732
388 814
252 450
269 844
72 289
174 307
324 729
223 648
46 232
140 400
121 470
265 755
435 731
149 620
311 404
54 865
50 458
256 717
251 701
263 509
417 659
12 225
38 277
268 657
8 394
331 804
120 331
366 327
277 844
301 131
415 346
48 15
369 419
252 388
78 712
184 309
267 367
294 405
236 14
90 753
122 321
273 375
163 735
64 46
317 742
259 162
231 344
410 784
86 445
