260 118
162 60
9 165
123 196
180 256
1 65
198 63
154 7
57 253
77 453
18 153
59 284
90 62
98 56
62 382
37 442
68 262
158 54
189 378
22 328
152 322
118 372
50 435
87 135
186 264
106 386
199 15
83 359
112 80
154 40
75 106
28 437
97 178
55 185
176 445
210 191
88 310
174 403
205 258
211 60
184 182
212 68
11 259
84 211
86 58
206 33
115 159
2 178
73 433
200 158
44 94
149 49
49 25
46 350
134 51
84 416
140 249
164 87
3 350
72 197
30 301
67 256
3 432
63 38
37 158
194 399
63 288
9 259
27 112
191 386
9 432
121 334
190 201
7 214
150 377
62 199
120 239
194 299
101 121
71 9
7 230
178 88
28 73
96 320
12 275
222 151
169 124
47 325
204 72
118 53
48 284
161 313
189 330
206 86
159 152
38 279
81 409
151 327
27 50
123 205
7 428
185 267
24 112
137 345
32 33
8 25
166 187
204 162
150 187
73 79
220 225
218 10
93 250
138 335
67 298
76 434
151 451
212 377
176 305
221 118
64 69
211 286
154 94
51 205
14 164
154 269
210 136
195 55
53 84
137 456
197 205
91 210
60 21
214 136
3 50
186 248
85 209
80 454
34 428
169 451
36 46
58 100
212 312
182 239
142 206
67 451
137 342
156 446
57 165
217 157
177 375
3 421
111 47
146 411
67 227
86 394
120 143
43 434
223 110
102 48
161 458
109 217
46 382
76 73
97 2
94 139
25 285
135 39
90 252
80 162
93 251
86 229
198 363
217 22
162 215
108 250
104 444
195 338
67 54
62 381
5 420
198 19
72 353
12 370
222 196
186 236
114 255
118 451
185 374
73 242
146 354
126 100
42 421
139 266
118 185
221 91
53 167
186 207
39 23
86 262
117 72
21 449
71 42
75 238
95 298
78 202
37 128
67 4
53 311
116 10
22 355
191 263
56 109
205 231
118 361
204 386
209 296
38 113
130 47
11 58
29 445
23 126
62 112
68 12
101 107
194 405
43 149
51 428
18 46
110 126
51 456
143 114
35 419
2 22
138 200
19 363
161 218
217 410
175 350
91 355
174 342
207 119
14 71
19 111
140 78
65 190
134 436
99 308
173 242
14 435
17 67
60 245
94 338
23 51
169 132
48 369
8 289
152 32
180 308
195 38
121 221
