257 459
390 551
256 143
337 533
484 263
624 37
129 106
81 1089
582 1392
142 479
398 1010
599 1008
385 949
270 617
82 453
168 411
711 439
24 509
520 544
440 1277
189 1190
121 270
574 50
291 83
254 1103
602 1390
249 244
103 142
672 209
56 267
313 740
561 509
250 194
574 770
489 936
174 266
392 970
339 770
711 670
492 922
54 720
626 937
616 1323
606 1035
487 967
561 479
15 669
302 707
550 1358
289 360
512 1244
222 859
377 1312
239 650
168 312
374 554
45 199
330 1212
339 984
568 912
586 237
186 363
15 1083
263 575
549 689
307 1211
525 611
197 28
18 409
434 747
702 1338
375 368
367 1336
649 579
196 146
117 18
14 1417
247 1428
396 1251
615 787
133 1356
457 551
212 1075
673 234
245 840
524 1326
340 1330
354 251
118 489
128 1194
124 1157
108 381
556 786
77 1402
449 167
642 32
316 651
231 446
25 927
202 207
207 112
466 1041
599 523
508 936
699 224
290 25
680 77
593 1041
49 931
687 1229
337 1110
4 269
696 325
607 648
634 990
460 1352
287 523
265 643
452 1190
476 1418
479 1351
415 845
493 1380
527 1363
58 1349
540 294
330 978
629 1151
713 1415
614 1124
322 468
58 398
371 1268
512 971
84 1353
427 1286
515 1254
423 1040
599 511
464 971
703 633
49 588
386 80
151 1228
191 1312
313 1246
576 931
242 1428
184 387
174 968
266 1023
464 238
49 1219
217 1215
480 1297
279 706
712 863
66 838
409 866
85 263
302 1243
75 214
329 1401
500 138
4 571
484 649
267 128
591 122
306 399
432 12
662 269
657 394
227 486
419 329
663 1156
5 235
126 494
115 180
144 769
78 1188
48 1049
137 1108
700 775
52 1227
233 1016
210 1028
666 816
628 313
479 776
565 162
667 611
550 189
344 347
137 348
101 591
213 1071
469 1115
712 1217
27 941
111 677
598 901
658 251
237 509
348 891
62 511
219 574
637 1266
70 1245
9 624
114 455
550 546
485 758
377 105
209 1327
540 165
462 1137
154 198
364 1306
610 264
507 996
331 289
520 1037
512 103
554 1283
247 1205
10 856
186 1401
459 574
3 1330
531 389
657 213
164 1215
685 1367
160 1427
19 1075
457 81
447 814
679 336
42 1142
672 649
156 324
569 790
195 88
616 578
672 962
62 633
255 187
111 126
240 476
394 376
20 410
445 61
192 627
528 1244
315 1021
464 1307
384 915
142 81
