259 65
117 196
56 542
111 678
217 530
108 427
61 875
329 570
140 824
377 724
106 58
459 661
161 352
247 849
160 224
468 430
361 660
225 152
310 105
134 66
382 311
363 336
414 323
252 90
44 290
174 266
440 58
67 446
82 399
391 492
193 68
443 685
76 691
65 906
341 799
134 710
193 756
190 242
390 874
129 269
17 423
5 651
131 312
249 366
156 633
176 891
432 866
126 128
165 734
8 351
51 751
304 222
78 622
112 820
294 546
229 622
204 399
111 1
318 89
389 346
30 823
78 751
197 70
278 231
85 392
101 115
16 764
16 879
361 775
104 183
27 426
3 783
6 92
88 577
168 318
223 521
24 24
273 891
187 640
297 202
236 343
172 498
106 305
16 859
235 371
231 822
6 93
273 159
469 521
235 774
24 487
454 424
314 836
13 332
459 880
228 730
275 702
41 776
232 117
89 629
217 256
125 15
80 605
122 367
73 578
288 88
363 741
294 337
332 854
446 426
448 523
39 252
4 333
76 291
437 915
102 102
365 667
470 871
68 37
216 372
301 480
470 860
405 882
135 815
262 56
266 786
276 641
166 755
213 780
443 618
84 471
228 165
446 544
62 901
435 365
384 794
444 652
388 189
55 581
385 139
363 287
17 875
332 864
153 212
462 42
295 113
278 391
244 897
191 775
68 898
258 367
365 666
341 294
162 897
213 553
182 771
206 381
374 734
196 896
6 442
385 206
58 318
353 660
149 901
23 855
72 253
390 225
216 901
365 43
300 382
54 419
54 380
279 205
65 553
405 528
453 69
367 185
9 488
56 355
219 841
94 299
230 319
443 57
297 611
434 936
436 230
175 98
352 253
30 13
64 185
219 299
437 418
346 763
168 363
104 807
393 221
107 225
177 911
442 46
17 543
67 298
77 292
346 62
35 150
258 687
453 635
418 300
270 391
38 472
224 300
432 515
286 406
373 788
362 646
11 113
381 148
349 716
242 680
198 163
20 32
69 211
79 71
425 333
469 756
309 334
142 929
381 459
287 29
167 939
251 645
356 315
239 94
450 604
352 546
239 82
441 163
385 158
306 95
262 696
116 701
243 95
424 645
365 177
253 692
257 252
305 559
128 717
76 865
236 795
24 891
330 570
385 904
427 554
173 829
455 885
195 737
250 10
403 478
169 206
232 676
