255 22
24 16
120 76
103 88
172 250
57 391
4 113
70 241
188 197
181 296
134 316
133 381
162 229
162 192
99 277
28 356
155 362
40 184
148 291
177 402
126 278
44 367
152 263
202 64
105 405
118 372
50 333
13 188
202 262
203 308
76 387
68 329
62 86
114 121
182 312
106 144
193 362
23 218
173 145
15 200
13 14
186 181
70 270
188 326
99 405
101 267
191 121
75 344
176 121
193 96
74 241
104 307
70 37
94 305
159 60
203 66
123 351
30 183
97 112
121 144
24 253
69 83
27 23
187 231
67 48
176 210
132 30
11 71
158 16
131 135
155 59
85 357
50 203
159 303
40 53
124 60
159 304
22 86
47 168
175 141
55 218
202 336
168 190
2 392
87 149
47 21
107 302
104 314
46 369
132 387
111 280
135 19
103 47
146 153
70 9
58 299
97 120
100 96
19 36
60 331
40 160
112 149
125 167
29 318
60 402
92 56
150 43
204 392
53 331
57 275
145 363
32 5
187 405
15 222
27 297
200 203
91 247
143 81
45 391
117 360
145 342
63 344
24 151
89 307
143 233
11 51
74 410
194 238
86 107
176 343
94 91
73 206
42 387
133 347
144 343
111 204
76 111
27 279
158 149
133 195
28 171
48 181
131 26
152 324
127 210
201 386
36 133
130 59
6 26
58 204
81 267
135 22
11 152
38 19
167 278
86 59
182 381
147 84
15 34
191 107
191 33
145 127
181 316
10 252
108 197
14 96
71 137
37 262
45 290
87 165
189 278
76 253
8 168
164 392
62 371
133 175
94 320
5 44
33 19
121 147
63 71
64 203
1 151
66 223
114 356
24 4
36 24
205 78
13 266
102 97
205 78
127 133
9 35
158 6
34 139
68 223
152 264
200 20
133 382
169 325
107 344
145 179
160 55
134 163
67 369
76 348
58 110
42 3
1 52
10 323
203 77
28 45
37 197
40 407
131 112
146 331
7 77
19 31
170 272
177 215
107 287
116 58
12 176
26 347
88 234
143 179
60 94
160 358
140 46
200 367
130 259
4 166
188 238
137 23
131 199
170 331
141 312
59 78
41 13
115 135
46 195
73 108
144 177
1 15
21 208
159 105
179 164
172 313
51 83
8 121
109 77
151 68
111 316
147 352
90 364
95 293
