263 26
134 631
205 876
83 613
182 491
38 154
293 6
308 58
153 232
111 360
245 473
343 296
107 514
246 800
416 593
249 552
161 832
96 197
88 684
102 564
353 510
198 791
415 132
233 330
215 89
357 703
4 62
423 247
109 740
188 511
252 322
124 559
192 841
288 142
89 504
53 827
288 849
374 318
99 503
63 228
246 629
392 183
20 631
324 284
67 534
419 807
368 673
341 104
307 615
329 467
404 319
320 79
330 268
8 846
135 464
21 552
91 678
381 781
186 847
42 397
58 144
214 745
118 670
108 253
4 709
172 57
289 485
355 666
386 123
24 779
311 634
370 553
52 412
260 499
90 306
220 92
176 175
60 147
366 159
71 618
302 24
237 702
246 174
266 251
36 31
339 706
93 875
254 638
232 267
343 294
20 808
214 802
389 585
360 743
136 848
156 363
172 350
316 269
347 719
136 530
300 881
108 221
360 725
139 601
113 585
414 623
68 653
161 609
337 483
314 833
142 796
56 791
214 502
33 754
315 677
305 247
317 490
161 663
362 450
381 231
47 716
331 625
53 172
13 228
241 451
44 7
403 581
257 136
225 166
184 634
432 367
51 414
287 455
40 349
249 44
415 784
41 509
205 646
150 498
98 415
11 670
271 35
347 828
296 92
256 570
304 175
225 195
311 56
112 325
341 634
197 393
360 294
212 223
253 663
309 850
72 439
250 769
60 345
395 638
290 667
228 181
51 510
264 873
289 465
258 64
187 483
232 143
239 783
30 762
227 298
57 258
417 159
110 694
222 76
137 340
74 657
86 217
277 231
244 198
207 91
47 28
6 578
322 18
276 829
259 339
98 747
426 490
53 389
380 499
171 376
181 607
394 341
186 607
358 773
139 624
323 79
271 64
329 272
287 66
176 86
376 833
89 584
62 239
411 139
42 366
337 851
103 714
206 20
394 508
359 587
286 161
130 5
162 629
370 256
26 625
408 473
221 82
419 286
279 465
56 174
242 267
401 492
195 621
296 627
84 354
221 488
101 552
185 306
333 15
2 206
413 115
233 848
135 142
55 545
380 729
66 449
283 45
174 227
232 625
295 80
214 168
196 533
192 565
359 265
411 145
103 312
183 270
305 238
157 817
437 732
178 215
403 676
416 72
280 566
65 801
26 179
3 250
404 367
162 562
296 710
384 124
433 433
184 713
79 220
