256 72
50 242
31 31
220 302
150 327
127 497
31 107
192 444
115 456
63 285
60 408
111 314
99 327
24 58
196 296
238 151
168 308
156 198
117 265
138 107
9 271
51 477
209 117
78 471
134 496
51 193
207 130
32 333
155 185
200 181
83 337
209 383
56 375
160 120
160 192
73 144
158 298
247 376
158 58
71 115
154 108
176 167
235 382
188 498
154 147
192 208
13 52
70 222
65 318
40 220
55 421
36 87
97 16
103 393
222 498
74 451
39 73
42 47
22 303
192 81
244 465
48 394
235 488
213 498
207 264
18 60
92 415
62 442
102 262
155 368
153 37
11 422
41 303
224 501
248 265
181 378
189 372
248 48
180 98
193 429
117 134
236 297
159 313
186 200
215 219
183 47
94 232
191 2
130 425
49 263
90 161
32 152
244 248
150 425
116 453
143 32
117 497
229 323
198 80
14 363
170 3
205 180
92 208
61 408
114 281
146 363
9 319
166 170
25 422
140 4
79 101
232 152
66 45
116 424
53 417
98 460
223 494
129 122
11 319
198 301
4 310
54 456
15 461
168 188
130 463
23 438
182 256
24 150
88 414
55 371
35 341
20 262
221 250
28 169
219 298
108 316
235 140
115 295
12 176
226 474
66 264
166 163
8 457
52 149
8 181
13 233
80 241
223 483
170 273
101 441
141 157
247 14
12 46
210 73
149 95
224 106
179 393
161 109
159 12
83 334
62 223
80 383
78 21
77 146
166 478
152 115
109 316
207 216
170 391
31 314
113 309
201 49
135 387
167 313
176 179
6 112
160 60
95 42
217 84
10 395
197 477
216 68
152 148
172 471
32 270
206 195
166 493
180 2
197 62
119 471
227 140
203 329
116 335
72 252
70 185
93 229
13 127
87 103
213 379
194 223
26 452
149 256
239 382
231 198
69 221
149 328
85 451
174 310
57 309
147 167
140 469
30 428
167 19
182 416
166 265
151 390
233 470
226 49
47 148
234 200
7 219
144 115
47 148
238 53
182 171
227 380
229 103
185 409
216 94
48 227
76 418
142 80
60 236
147 295
221 440
162 380
58 258
191 127
110 337
71 80
117 266
220 39
92 79
236 98
22 381
42 53
47 208
11 196
6 341
148 467
250 381
186 77
98 370
214 418
31 119
220 95
244 60
