262 145
68 502
328 567
99 216
309 549
152 20
316 160
16 391
226 624
50 96
206 755
294 367
292 658
282 744
177 354
261 587
161 620
223 185
196 744
327 336
155 741
364 691
71 554
245 450
325 132
355 9
178 292
179 66
274 444
311 82
87 369
355 707
128 535
276 408
218 175
28 262
341 567
293 496
371 518
219 704
211 179
306 434
36 748
105 37
15 546
149 132
15 46
236 596
172 96
113 300
161 355
358 717
329 723
273 675
304 605
27 596
40 652
138 245
266 53
110 615
259 503
123 33
118 79
327 660
127 244
176 732
136 605
348 64
189 20
24 628
98 603
232 372
94 25
272 254
172 497
250 390
27 4
239 624
375 25
9 361
82 198
252 444
230 246
30 569
276 320
37 525
240 104
337 487
158 533
139 414
250 629
271 526
100 348
246 202
169 713
366 156
315 570
158 233
337 663
32 19
97 300
102 149
267 308
6 126
136 70
62 136
141 528
112 555
358 44
335 48
284 86
236 546
125 487
87 596
222 646
119 569
275 171
67 701
327 636
123 467
108 672
57 729
112 605
76 151
83 402
71 306
125 601
338 107
349 330
241 647
102 483
26 542
284 149
6 624
371 593
342 371
95 471
270 583
249 384
363 628
316 369
16 28
5 10
262 69
329 147
223 367
87 311
221 270
11 9
29 144
97 233
346 134
56 96
271 82
96 587
197 729
357 18
253 606
1 517
19 397
92 36
185 665
307 103
62 217
347 207
180 439
117 123
160 227
328 393
249 682
25 145
260 239
32 14
334 110
227 409
217 244
346 490
190 41
346 240
334 637
278 588
206 160
166 346
252 500
336 192
365 595
285 347
356 201
326 738
279 680
143 63
202 64
217 36
114 650
303 244
362 550
183 731
245 79
44 191
206 703
26 518
356 631
305 235
200 578
307 592
322 364
274 153
248 741
41 730
96 256
372 380
232 632
353 169
276 624
207 69
78 117
28 730
337 583
267 515
296 487
121 173
181 703
78 425
152 514
347 369
289 649
310 95
185 94
237 117
50 339
10 557
93 303
224 567
355 360
215 86
322 394
312 246
227 352
54 370
101 459
193 190
248 637
106 522
119 575
341 423
219 683
312 483
95 397
224 293
145 161
108 647
203 543
206 370
376 212
375 109
303 94
269 74
278 238
37 325
208 529
188 526
364 171
160 346
