261 17
245 277
168 295
97 408
25 482
20 80
177 381
36 502
209 112
90 446
110 18
162 499
210 114
35 409
166 153
256 509
144 452
110 309
240 98
128 331
198 298
62 144
13 61
17 426
95 359
146 437
149 295
258 288
251 402
141 147
105 198
213 215
100 31
185 344
221 196
2 399
50 116
9 436
227 468
77 373
130 482
242 175
258 85
66 152
99 157
240 122
114 528
198 56
142 325
136 471
162 273
40 474
96 331
258 256
204 42
90 42
114 57
123 129
48 434
222 177
245 402
68 251
102 423
161 93
190 124
245 77
148 449
230 454
10 336
63 205
172 176
103 354
52 135
129 14
169 524
80 470
247 196
166 96
198 493
196 366
104 108
235 10
160 465
102 27
258 501
206 174
225 383
169 90
231 486
33 143
176 338
144 150
76 364
40 66
172 381
141 65
244 162
166 132
68 435
43 457
206 291
86 323
34 246
76 45
187 409
134 501
170 404
110 127
257 7
20 265
259 174
138 339
81 69
48 441
213 261
58 211
234 465
113 140
103 365
178 260
72 180
201 178
245 167
94 129
129 420
11 339
148 338
174 103
197 280
105 259
80 87
152 392
43 1
100 503
199 388
39 289
63 486
61 411
202 317
253 296
259 151
90 357
69 347
88 488
18 519
93 241
145 368
119 71
214 388
196 289
155 278
177 160
204 395
252 180
79 389
17 419
148 338
68 452
232 213
208 441
138 283
41 200
247 253
25 105
67 152
244 523
105 262
127 348
233 512
233 19
32 498
176 270
237 232
20 460
127 193
61 214
35 438
60 501
89 435
141 326
33 158
63 85
137 304
16 220
26 152
216 237
210 43
49 50
226 317
70 354
141 233
135 167
254 211
175 444
183 438
112 308
230 197
170 469
30 528
191 4
207 289
250 131
49 230
43 510
22 159
170 296
10 276
226 378
69 444
136 133
22 461
118 407
144 357
167 94
99 291
257 120
244 205
176 454
23 415
165 327
248 465
18 280
20 296
243 250
256 145
195 512
24 23
144 8
138 347
100 208
217 384
151 439
17 25
60 437
57 432
43 355
110 492
60 307
71 462
79 258
25 13
224 385
252 89
182 29
255 439
184 182
226 171
140 428
232 418
128 47
189 88
79 74
91 284
169 321
3 97
205 25
189 311
251 225
204 232
91 206
123 57
68 173
