258 122
88 82
185 296
12 218
116 245
36 106
111 151
30 346
62 358
132 204
23 33
174 290
104 317
72 225
39 182
161 293
12 260
97 67
184 116
30 394
9 127
3 106
161 136
100 65
108 326
6 134
149 31
54 389
56 28
193 349
62 244
77 131
90 396
9 226
124 25
112 378
172 142
105 356
88 178
34 204
11 379
174 160
193 224
30 65
136 208
81 36
89 197
65 290
171 60
112 278
28 173
112 255
129 59
104 360
9 18
95 280
109 287
169 290
152 101
150 320
126 382
66 90
96 97
171 277
189 392
50 173
113 210
176 224
196 295
85 211
193 270
31 23
154 164
13 98
85 217
55 118
163 121
167 226
54 219
48 36
141 368
178 283
22 321
7 63
145 382
24 258
1 74
121 87
180 383
126 118
74 27
171 382
95 31
60 254
184 374
161 259
29 86
123 3
129 76
191 374
11 381
27 243
176 55
187 190
54 278
81 319
89 147
196 367
113 169
25 378
173 309
52 368
55 367
31 354
198 147
120 272
21 81
49 26
184 85
13 373
147 64
64 332
69 85
189 173
174 109
64 7
122 237
182 110
34 388
24 172
78 380
101 302
118 34
101 226
153 237
122 3
29 386
91 233
71 16
77 277
148 150
183 354
173 66
86 283
138 47
71 53
148 326
61 114
191 266
88 148
181 144
70 13
20 393
41 68
22 259
76 68
158 203
75 318
29 384
88 322
16 81
12 38
62 126
88 2
50 369
121 5
146 286
53 153
142 210
172 311
29 127
101 203
34 185
124 36
189 92
111 261
86 307
132 222
150 88
36 304
76 99
60 171
76 268
65 342
3 258
47 193
4 185
189 111
23 160
78 367
7 370
119 139
124 155
125 318
59 352
181 59
83 198
187 323
175 79
66 266
129 291
73 298
139 188
1 11
84 274
41 71
196 295
105 3
193 335
175 356
40 108
32 178
79 351
140 123
34 212
82 65
170 318
130 1
60 97
18 261
167 191
1 316
102 225
44 160
108 7
179 309
1 355
24 166
187 272
18 381
151 1
76 274
152 189
156 281
87 57
81 191
149 264
162 142
61 89
176 142
74 117
80 218
71 226
162 64
78 162
16 185
65 326
37 141
81 270
52 154
142 145
83 199
60 141
5 172
149 7
181 305
4 214
187 44
165 190
