254 376
15 1340
409 1244
572 336
215 978
321 670
61 335
104 1072
106 868
116 447
312 82
559 50
26 411
647 97
224 845
528 710
232 1287
544 519
652 51
638 140
444 990
621 404
60 27
402 913
482 681
375 941
535 679
402 822
394 42
564 398
379 669
546 1306
107 332
387 1184
284 1283
313 382
622 418
586 1212
376 302
259 236
23 824
441 79
662 989
368 984
336 619
617 1261
421 829
557 139
379 92
149 623
579 1068
276 672
217 76
185 1017
375 1149
152 191
95 1158
12 612
540 1050
398 1287
221 200
639 1184
491 546
232 208
386 660
517 513
41 1079
587 1115
379 1329
111 317
191 684
365 602
143 127
213 221
44 1110
206 1170
225 972
652 426
451 1259
508 1265
42 1165
199 353
104 194
446 210
132 274
43 534
42 735
562 538
395 937
654 1
367 937
313 867
356 973
339 1293
590 971
289 1142
245 1132
363 100
654 887
252 1319
668 540
499 907
56 716
617 183
569 143
534 79
403 1181
557 506
609 1314
555 313
335 696
620 534
585 48
225 310
580 719
65 759
182 1331
219 439
547 1053
263 885
153 781
341 851
34 81
483 1180
371 913
440 231
580 751
509 423
494 636
560 1318
346 346
69 604
155 451
46 636
20 1274
227 502
607 759
436 39
533 303
167 427
516 647
334 646
520 1237
524 813
417 22
483 1305
136 1333
68 64
580 975
509 359
201 1202
562 86
389 185
450 887
531 1154
412 998
584 16
317 900
168 1082
350 72
429 860
601 1258
214 294
461 704
518 231
37 1041
85 454
670 1040
357 975
661 843
590 439
252 1304
419 39
502 1032
155 994
576 455
149 541
254 494
482 1232
664 919
270 1290
418 892
303 237
334 1322
645 133
21 1242
169 559
16 1171
557 901
76 1284
469 1066
39 1229
291 165
64 762
274 321
493 976
101 517
534 1199
16 922
205 76
275 1213
99 282
217 253
32 1124
556 953
496 922
130 62
431 1110
273 923
30 255
326 356
441 94
264 665
584 926
85 8
300 50
205 718
139 512
501 853
532 1208
541 112
196 537
640 1242
535 700
515 595
118 999
554 118
22 962
553 455
314 187
224 380
531 80
250 1249
637 977
600 451
234 336
383 548
348 948
179 554
159 105
523 680
522 338
151 930
655 1007
14 773
583 1066
11 541
95 1269
33 1007
63 832
425 398
275 825
364 1191
542 266
655 1336
