273 49
468 30
170 781
261 268
23 23
67 254
353 646
433 938
109 605
217 829
218 497
276 794
217 942
471 307
292 107
202 10
248 475
453 604
131 970
354 140
278 657
151 213
148 203
335 752
110 116
424 403
487 62
14 496
320 536
380 508
461 545
194 160
258 195
132 200
131 726
445 756
209 36
33 55
196 78
187 871
446 543
425 18
447 273
21 287
453 129
390 496
9 168
431 758
331 648
133 664
70 514
169 52
235 932
346 960
403 224
363 932
1 880
487 855
74 942
370 146
224 245
178 934
133 535
157 678
426 240
464 339
335 170
265 724
283 455
419 473
137 941
453 268
261 512
494 751
96 966
78 745
468 883
257 805
368 61
17 736
260 350
452 345
343 183
155 728
47 714
449 741
377 477
141 273
343 555
455 195
351 134
422 528
167 513
359 202
107 549
115 835
189 377
214 261
255 771
303 178
398 382
253 918
269 899
32 937
72 633
102 26
428 5
434 398
381 809
120 137
101 868
314 647
122 886
167 47
201 517
26 813
315 199
289 256
125 649
289 123
377 663
316 406
396 345
470 139
238 588
321 394
322 768
228 834
449 361
182 136
379 287
404 630
291 541
36 341
416 645
155 597
250 612
77 104
303 582
335 740
244 808
49 898
340 74
463 788
348 339
113 501
371 706
373 782
140 152
25 883
350 883
116 838
472 819
124 687
42 610
213 811
167 196
223 525
432 409
76 106
135 744
351 945
123 48
48 248
441 826
181 460
349 943
466 94
87 948
296 237
358 486
167 402
387 306
394 52
102 596
404 420
174 114
334 62
295 640
277 305
486 766
299 886
34 943
21 846
371 462
487 104
288 903
44 431
311 821
439 891
170 717
459 607
251 410
252 694
378 936
340 133
59 639
478 97
374 785
100 159
407 299
470 668
375 671
358 631
129 788
384 502
21 582
3 383
326 648
12 167
449 849
221 880
241 575
66 26
143 74
459 64
237 677
280 282
298 533
43 845
439 842
66 930
337 990
207 53
305 233
497 706
139 625
324 773
481 245
334 662
293 443
372 623
214 474
434 971
367 527
361 722
156 47
348 325
18 726
250 513
440 604
409 572
125 136
434 400
455 865
219 659
497 909
400 374
26 420
466 497
207 391
10 614
277 361
117 800
329 265
259 185
19 83
393 140
176 509
180 401
262 52
277 433
104 361
419 88
435 937
466 574
30 556
311 239
11 656
337 194
82 812
463 418
192 348
260 233
