270 57
543 906
75 739
57 1403
428 488
595 1207
38 690
688 1317
36 972
413 1401
50 753
729 750
506 642
676 998
468 786
334 763
314 656
563 1450
55 1240
223 647
545 1284
520 1117
335 821
162 330
317 717
380 852
468 1298
234 1047
111 1005
99 207
280 1328
182 516
600 632
592 1374
71 617
248 924
694 1222
341 195
478 767
453 103
168 894
505 1192
485 1127
753 375
594 56
93 615
206 41
387 265
588 1119
657 286
90 572
561 766
282 907
499 996
463 1306
162 1103
424 855
760 729
558 789
589 363
483 566
289 1323
434 562
72 577
453 224
129 1317
470 629
255 1101
631 394
531 986
340 872
655 1494
496 662
469 997
415 541
354 466
53 499
481 602
142 189
295 450
609 930
243 43
219 172
82 774
736 387
353 1270
373 804
308 53
259 1161
322 141
124 650
470 1206
571 603
16 982
661 939
747 875
237 1421
484 1463
708 161
570 632
157 1348
30 565
639 1340
616 315
306 1218
413 293
393 279
392 81
150 1513
161 564
491 116
648 1313
520 1490
520 252
181 471
457 266
56 37
465 1100
628 30
312 648
450 1516
45 422
411 1095
311 804
211 821
293 1478
152 1428
316 1384
396 6
407 920
228 598
726 751
36 850
170 177
550 1191
246 1262
95 806
84 1184
211 708
740 1304
431 1033
367 412
307 669
691 117
232 1254
119 1028
440 735
176 204
412 1389
147 67
205 450
222 391
488 854
82 1308
136 1162
501 156
83 944
389 999
446 1475
511 619
89 652
544 916
511 1210
541 335
613 1266
257 50
496 841
472 894
738 497
412 372
587 249
163 705
20 756
717 498
34 1303
542 712
384 1114
149 1252
276 1389
136 826
449 955
186 269
669 342
266 1326
203 235
287 214
227 644
164 469
497 1512
753 1265
413 353
714 110
516 1067
343 1003
191 592
88 1072
291 1445
145 886
181 1527
277 483
695 182
587 317
222 224
491 1085
203 1260
666 1100
374 565
191 819
411 510
697 275
294 777
746 618
650 14
650 1041
72 679
165 258
411 828
195 97
25 891
585 1266
53 830
282 763
68 1485
605 1054
260 813
2 1248
651 1055
725 998
130 778
322 1447
366 1501
36 608
531 1076
251 1515
21 933
643 936
106 177
520 700
229 539
410 1130
583 1096
135 554
694 691
317 402
490 269
695 317
543 970
192 1468
315 1519
617 1056
533 1001
306 808
344 504
527 301
746 400
763 300
500 335
441 579
188 1202
103 1460
384 854
656 1527
183 1230
696 304
589 194
205 105
725 71
466 1253
226 1286
310 454
145 326
