266 261
428 368
141 23
313 819
352 752
289 640
238 942
116 893
359 570
97 661
470 9
400 902
142 226
76 72
82 422
239 313
438 578
105 958
462 138
411 440
311 925
438 573
350 29
137 889
35 600
186 75
354 788
20 98
312 112
134 890
427 748
374 376
433 194
151 398
124 574
444 424
387 297
18 156
48 47
477 632
266 449
266 676
201 299
292 488
3 880
240 101
346 143
254 508
269 802
448 355
442 324
439 135
320 306
50 647
287 328
437 260
39 497
88 884
319 174
325 53
281 218
226 455
143 145
288 508
324 267
441 260
29 16
226 174
371 684
205 53
124 386
460 367
318 568
5 461
73 336
267 848
439 457
195 206
390 258
409 585
208 475
73 348
121 881
44 17
71 841
418 190
81 88
206 666
227 339
53 473
180 528
68 381
393 44
430 177
297 664
95 202
344 278
68 403
39 424
25 352
147 198
83 954
180 896
472 757
408 471
131 610
292 276
147 491
42 535
454 546
441 486
219 494
167 932
118 297
428 91
266 558
350 99
200 548
244 843
246 864
237 480
134 432
419 762
87 774
95 573
183 682
3 930
282 383
21 471
290 48
144 93
227 327
124 533
416 329
109 412
77 873
330 178
227 375
264 240
108 257
242 318
72 583
312 902
189 820
279 212
104 404
391 620
90 740
214 428
110 336
15 321
352 576
391 90
39 131
132 959
121 361
421 671
34 189
107 905
161 136
25 355
132 111
391 891
261 15
58 97
351 642
65 274
181 686
356 379
60 320
284 142
311 252
387 148
287 685
116 849
30 51
263 53
326 310
307 66
44 410
151 529
354 875
33 14
196 203
70 906
57 460
3 139
297 203
390 696
87 861
31 492
367 670
327 772
349 406
341 233
5 716
226 261
33 703
66 417
95 785
390 504
80 392
83 364
329 321
39 313
15 906
121 805
299 74
39 576
281 157
260 7
255 782
372 361
35 304
435 696
349 653
285 677
170 275
102 567
476 432
83 949
42 582
378 420
211 637
283 746
227 358
478 154
211 681
152 80
322 646
272 92
210 100
308 838
471 550
462 703
258 597
223 141
47 816
458 466
217 44
261 948
305 121
447 222
134 340
267 33
152 134
192 249
343 410
218 334
378 589
9 586
104 358
313 280
276 564
301 272
472 44
468 666
116 455
421 238
237 44
418 857
351 247
180 72
403 482
81 658
78 540
136 614
