267 8
154 304
302 964
205 584
195 21
231 628
115 1140
444 1072
29 789
49 1225
792 676
550 1372
797 873
477 1392
558 1412
336 423
392 809
19 823
347 980
428 46
426 360
431 1360
234 515
278 1061
801 498
746 599
727 1546
26 50
210 645
735 1068
697 822
59 83
142 829
190 338
404 1253
206 1220
299 1129
475 190
744 891
53 1277
758 1357
773 917
621 1297
283 1102
715 1255
647 325
738 1041
608 405
470 793
345 1115
630 1240
504 688
95 469
178 944
305 1584
796 512
450 347
240 1016
27 894
564 1517
409 785
108 183
355 193
55 740
502 970
8 750
223 993
148 1151
152 953
576 246
238 1230
656 150
298 1024
284 776
11 1590
590 231
85 350
684 980
288 1237
400 1448
350 679
62 632
750 615
563 218
243 763
569 490
374 742
320 851
215 351
150 130
146 1247
800 1582
691 563
305 901
461 535
18 679
168 314
663 1004
503 1408
726 593
419 455
349 636
287 1526
163 412
245 51
192 1343
186 1524
138 1231
643 1077
537 107
496 980
389 922
435 1138
125 565
485 1596
103 501
387 278
738 1460
734 254
182 1535
411 1315
56 954
10 967
151 470
129 884
597 1595
775 87
140 488
410 1422
740 710
624 18
238 1131
277 405
244 935
711 1316
33 1160
17 1280
164 905
750 837
44 917
79 847
205 1337
250 595
744 248
787 510
344 1061
463 680
191 86
717 665
102 802
322 197
453 1437
96 1601
450 46
366 1558
712 927
738 399
7 747
762 616
583 1198
248 129
377 240
134 618
742 714
794 288
607 841
674 1336
62 614
564 1371
442 350
481 1288
801 490
136 469
567 1143
591 1196
49 1598
22 377
82 95
48 486
379 1397
770 1118
443 1276
165 1204
757 1441
657 228
407 776
514 372
552 1250
20 196
81 945
685 1515
581 254
169 844
331 1430
285 443
797 757
464 326
517 98
437 794
111 218
109 718
202 338
270 162
404 876
145 1167
629 1054
33 567
641 339
373 101
674 258
537 189
737 1081
225 923
642 51
794 476
757 822
214 1387
59 1495
632 190
167 486
277 1552
40 746
452 1062
724 898
79 958
264 1447
656 1071
305 636
96 787
217 465
169 1582
1 149
56 1382
11 339
18 944
601 377
582 997
768 7
25 229
117 1143
740 699
671 199
787 299
473 35
466 868
120 1564
440 611
48 710
157 671
637 1311
144 1075
516 33
671 673
248 987
290 749
269 138
327 465
529 293
256 570
31 861
483 1071
335 1278
496 275
327 681
565 920
401 901
142 1180
297 900
