265 38
25 323
96 77
124 182
182 137
159 358
48 317
7 110
52 188
48 9
67 293
129 120
167 181
47 46
198 299
153 197
84 271
109 54
69 101
188 247
75 226
188 347
90 288
72 35
105 163
112 53
127 336
50 368
162 132
49 41
86 345
143 250
108 277
46 384
13 115
33 123
14 178
193 139
188 322
4 208
56 157
124 402
135 238
134 189
194 281
79 357
42 198
79 194
146 203
132 293
11 88
113 228
52 144
34 84
65 46
180 244
122 300
201 392
152 356
177 386
178 33
185 282
154 253
91 325
190 299
31 131
76 281
1 87
118 77
8 203
5 329
55 59
118 313
170 17
15 187
186 21
86 396
47 329
89 282
66 155
71 159
86 269
155 286
179 23
151 81
161 320
111 324
89 153
92 370
118 12
109 36
55 137
113 303
56 71
123 45
71 383
80 396
97 351
77 218
6 188
131 12
186 279
112 73
124 63
181 269
17 374
120 27
93 18
143 314
122 277
17 251
184 89
79 310
30 382
159 400
106 297
25 33
141 241
87 104
7 192
143 160
100 173
38 54
30 376
192 309
7 315
189 232
110 355
164 80
46 89
97 310
115 249
119 109
35 367
25 71
152 332
143 215
120 86
4 370
25 327
190 245
18 364
157 184
60 368
45 401
30 337
173 325
28 240
100 272
23 71
7 382
185 50
186 72
14 97
7 193
41 332
174 356
163 361
90 236
37 338
165 320
11 311
108 299
181 177
40 343
39 165
12 114
132 357
130 350
177 111
31 283
190 93
182 276
67 178
146 250
13 174
128 395
68 108
86 212
49 52
122 129
149 155
51 394
123 268
97 114
187 66
21 300
28 241
80 283
165 299
149 11
46 47
88 189
64 58
112 327
131 224
122 225
29 231
85 260
184 288
62 327
154 274
193 221
104 244
108 257
131 326
5 362
186 169
154 30
29 270
191 124
134 262
86 92
30 275
124 254
145 386
102 364
133 394
34 243
48 125
122 284
125 212
186 75
110 144
151 125
130 104
70 21
162 72
164 386
174 223
199 344
122 51
110 323
147 364
35 223
143 69
8 285
96 136
112 86
11 288
113 342
5 268
94 301
87 401
38 103
170 91
143 394
124 136
31 235
125 90
95 131
97 110
191 207
173 354
60 232
32 93
33 238
91 56
52 59
168 173
155 230
145 228
5 108
74 241
180 320
55 262
