264 352
384 675
314 120
198 394
9 474
69 18
80 887
56 94
68 467
192 549
29 287
304 584
298 509
353 55
102 74
420 693
357 191
72 497
111 686
130 738
40 622
71 209
98 741
394 251
290 285
87 865
110 154
393 918
84 6
238 231
93 891
101 426
44 850
175 759
179 429
330 911
348 620
339 503
273 472
314 524
282 205
163 194
14 184
396 634
220 353
333 71
184 368
218 154
308 215
404 444
130 391
406 300
66 373
87 333
99 348
353 547
8 347
70 653
449 696
247 394
357 174
277 511
217 42
260 420
250 579
71 306
11 86
382 654
363 5
165 208
240 497
2 421
141 171
110 394
455 294
381 437
317 609
433 271
213 234
260 16
353 89
332 138
325 219
300 33
210 687
113 90
446 385
383 354
49 855
408 690
86 230
459 349
154 426
93 560
300 576
30 590
54 519
271 8
207 103
374 1
212 239
325 783
159 343
439 65
338 753
40 726
37 405
107 330
220 768
368 384
165 293
141 734
267 250
254 493
352 461
98 710
427 865
168 631
215 766
217 162
49 860
356 670
397 393
254 853
294 341
215 211
145 679
436 368
6 598
456 220
168 797
178 212
260 19
41 731
255 50
431 311
201 577
12 29
427 575
36 119
62 166
274 303
233 278
390 636
146 265
171 800
360 185
418 31
394 364
395 877
205 37
407 707
431 849
118 893
437 360
424 552
48 198
139 745
316 204
191 609
402 732
185 441
336 183
71 26
233 504
239 753
45 207
173 428
208 232
403 329
296 454
19 738
346 724
108 280
364 297
63 764
65 165
236 797
345 499
234 848
243 161
378 68
355 700
120 331
105 733
380 34
28 216
35 520
373 415
379 347
114 231
414 847
66 838
419 103
436 276
40 626
114 415
428 258
420 790
354 845
435 190
440 309
134 851
346 811
294 664
200 876
154 201
252 79
127 819
239 445
354 140
91 240
314 301
263 508
124 540
92 590
23 581
443 547
9 502
433 165
233 846
251 308
393 888
328 75
283 153
404 55
23 638
400 800
174 902
262 473
453 751
300 709
142 448
326 556
223 85
322 374
277 403
19 580
120 560
114 476
133 70
344 336
424 430
45 710
213 88
319 837
434 679
371 313
401 523
255 232
46 733
274 630
237 742
311 848
150 764
69 649
142 795
433 41
82 864
134 253
314 723
32 665
402 390
231 397
433 284
