272 202
107 418
135 361
287 306
119 673
299 29
61 434
109 235
260 400
5 192
249 113
329 560
2 498
76 428
45 444
154 635
296 9
299 146
185 259
35 451
156 678
267 256
318 591
9 107
6 503
236 85
296 543
159 239
58 521
123 269
340 339
338 537
100 511
144 618
193 155
279 501
273 614
155 293
259 379
184 64
3 385
30 319
96 372
332 440
308 46
56 641
295 73
81 106
198 561
259 676
87 189
93 149
205 483
250 502
79 17
309 296
125 613
298 198
27 170
128 519
309 552
17 38
85 351
273 121
22 337
64 412
58 148
128 110
191 353
114 640
268 154
4 652
202 114
204 502
76 78
259 78
82 605
178 373
176 167
330 26
158 334
11 313
249 397
298 378
117 621
167 236
39 234
81 389
160 628
182 373
101 369
321 465
283 21
56 41
215 160
71 493
186 184
189 321
45 340
125 177
337 657
225 210
244 306
178 17
74 515
88 629
279 79
118 313
164 205
185 428
76 532
180 596
202 393
297 198
335 483
66 667
59 37
38 289
65 390
296 451
116 611
132 23
39 84
256 125
103 539
161 116
177 481
317 590
275 560
295 185
72 75
46 326
35 121
77 628
26 218
221 233
222 337
296 314
282 136
1 458
67 281
273 623
262 87
298 121
34 648
70 58
142 70
111 430
290 674
161 343
81 628
306 152
305 91
189 199
235 250
203 585
197 288
216 43
176 79
3 477
194 337
106 476
233 528
60 74
29 69
88 464
288 327
50 176
38 208
219 645
268 291
222 647
128 197
115 65
140 264
93 201
115 563
15 562
131 539
337 502
50 113
63 509
156 615
120 43
259 245
183 130
269 206
84 41
130 149
187 605
84 175
28 191
20 680
249 249
237 395
300 265
110 606
70 328
240 116
252 354
242 303
272 200
106 619
144 637
124 494
310 86
115 255
129 364
244 567
274 39
317 509
89 109
223 92
88 336
223 211
53 366
214 276
217 666
341 659
117 419
79 240
16 238
198 623
285 283
273 540
308 492
5 374
82 97
194 670
73 553
330 89
207 477
45 432
41 175
150 20
203 630
24 539
178 261
224 590
78 625
300 413
174 7
54 656
66 148
53 468
101 275
124 668
257 262
69 395
146 14
89 354
219 663
328 463
232 337
268 634
307 439
212 9
187 144
58 120
159 531
161 345
105 118
95 254
163 461
79 657
2 439
289 522
46 626
249 241
303 337
124 328
295 441
216 261
