271 107
116 200
107 170
261 57
90 41
242 269
195 153
204 490
9 292
67 530
80 297
207 61
227 461
100 85
136 42
262 18
126 494
119 487
172 343
189 465
98 473
26 457
248 381
49 455
39 293
106 271
113 214
74 283
75 195
145 181
93 194
16 524
272 83
192 390
126 419
70 533
31 119
193 42
119 322
110 428
4 89
101 545
36 129
145 75
184 197
173 529
196 383
159 429
165 18
269 69
30 491
229 522
20 67
144 544
119 27
276 504
11 550
68 94
129 73
78 168
245 227
165 81
79 329
248 131
205 211
9 119
241 278
209 558
173 177
228 267
161 532
217 68
55 346
15 168
223 558
75 254
98 82
13 71
99 557
235 516
182 536
138 326
102 486
189 70
255 132
100 538
27 25
65 108
93 369
258 461
81 549
136 141
121 217
234 278
142 175
65 431
189 246
219 422
120 420
67 96
167 258
258 539
178 190
203 157
50 91
185 545
186 87
60 212
277 258
34 366
40 462
192 38
240 162
238 433
152 229
92 467
59 378
112 322
98 434
1 507
182 6
72 475
205 431
154 407
206 278
11 290
92 532
175 549
259 420
178 11
79 226
76 115
122 394
162 71
50 316
233 412
255 72
66 428
211 299
198 336
89 385
222 406
147 398
160 440
5 138
182 112
218 530
17 389
37 376
222 540
258 44
75 305
117 321
48 146
252 177
218 381
151 283
196 558
162 435
204 32
98 459
9 40
228 104
172 538
62 550
26 259
4 430
261 198
31 537
109 35
189 120
157 329
229 34
86 318
79 213
188 16
186 215
184 31
218 533
37 373
213 402
4 436
52 476
226 455
62 145
223 430
3 64
64 25
213 7
64 468
120 106
133 467
121 516
129 375
99 513
190 416
13 520
249 341
273 208
120 14
128 236
120 173
99 292
20 96
224 170
232 292
21 207
245 389
193 406
137 279
248 92
98 392
142 18
97 496
272 531
144 322
91 110
168 472
74 180
247 555
82 546
266 340
260 229
143 416
68 460
43 5
32 222
133 4
97 79
25 143
172 54
50 159
257 389
226 555
48 190
252 66
105 487
107 137
168 401
265 497
80 145
144 112
51 413
25 340
160 358
200 219
251 213
126 552
185 457
19 433
216 380
224 435
210 539
234 121
215 3
129 137
10 305
52 406
96 184
160 509
240 539
222 499
275 35
144 208
78 464
220 371
91 88
64 417
172 109
262 282
10 524
111 227
