269 257
297 486
612 1112
380 1348
591 926
348 1345
639 264
176 588
799 698
782 1516
241 517
221 509
753 1219
278 529
764 1340
670 1211
488 674
200 791
257 1545
749 935
597 432
3 1366
328 340
707 1455
437 256
23 103
24 1231
526 144
89 1388
608 590
234 989
351 109
777 1548
364 6
330 1143
37 1115
327 67
199 369
466 274
771 926
63 66
798 340
800 1187
123 1395
376 1008
10 1594
653 1332
791 924
601 615
48 1074
455 1544
257 1591
323 565
662 171
89 317
589 1543
649 1150
256 424
592 67
750 446
331 575
176 114
286 1182
748 314
585 1273
261 891
534 76
320 8
221 119
331 632
102 43
596 979
583 848
318 43
190 887
640 1339
28 342
445 815
461 1158
61 1402
578 440
69 968
146 1482
626 581
289 306
204 1604
3 220
402 1192
350 1116
68 1280
317 646
231 617
557 270
70 447
614 321
528 714
342 1477
109 1193
224 355
710 1096
365 1583
400 397
627 1141
359 270
631 1451
84 97
660 993
204 237
128 343
698 1379
196 1167
443 346
399 1508
1 617
148 705
738 1473
377 1222
652 922
792 1224
286 1252
655 76
177 1352
631 309
427 63
66 787
164 1115
204 472
246 201
388 786
509 1271
728 1572
754 120
555 1018
261 1492
565 1231
405 449
709 100
349 393
747 312
291 1012
40 929
68 1487
361 831
653 294
760 355
772 1492
719 214
787 1333
146 860
706 318
16 1171
334 1522
669 1554
334 753
156 1052
756 1168
29 1425
543 1106
793 995
763 943
269 271
347 1208
796 411
639 1036
737 1007
79 1438
725 1412
259 793
574 1251
685 1407
304 503
427 959
622 788
666 1423
700 532
719 176
422 938
384 878
573 1484
291 908
119 1210
309 1464
651 176
771 115
687 944
164 179
433 1263
401 603
210 809
20 208
195 1461
481 1188
133 1312
636 840
61 1529
649 1431
371 1426
517 527
5 1493
376 189
464 68
657 341
345 326
578 1245
793 257
364 909
707 1118
283 96
796 1026
667 171
25 253
686 1567
255 1131
259 1140
127 916
567 330
558 543
541 43
663 1472
267 785
162 1319
270 151
119 779
748 593
34 824
199 130
63 54
707 592
656 526
613 363
449 523
278 1340
249 601
452 775
149 692
333 689
61 740
738 573
458 757
470 744
621 689
532 1035
586 1293
328 129
557 566
396 1560
357 540
378 772
119 410
781 1477
455 751
438 1524
278 1308
255 1115
13 719
802 1251
70 1378
215 1576
267 197
414 1330
784 1174
384 808
155 736
239 1499
347 546
552 781
187 1064
417 1229
68 1114
631 513
