268 516
639 824
353 160
310 41
544 1140
281 566
164 950
176 1127
238 1199
29 269
491 973
527 711
27 215
192 1170
492 626
139 428
514 852
237 675
466 260
224 1258
601 521
203 652
172 931
89 211
107 624
323 256
563 1294
135 248
62 1228
564 1225
603 271
570 1296
473 851
614 1031
407 1192
4 304
475 749
524 419
539 1038
40 1224
248 1220
31 529
131 58
612 618
414 127
181 111
97 821
414 300
121 1051
632 233
552 750
539 137
36 791
440 235
362 132
256 928
603 255
227 1291
180 637
15 939
268 519
74 549
431 255
194 724
48 956
590 185
464 858
463 524
610 1032
378 514
271 897
247 712
399 989
515 183
45 620
89 1069
439 941
628 693
57 572
607 436
568 904
565 1190
604 1291
274 1167
81 1286
454 1108
133 1133
180 514
435 917
306 1135
278 773
551 275
294 989
93 1080
395 521
321 188
73 666
144 593
155 626
331 567
422 527
184 502
553 1278
66 9
432 964
516 881
135 999
150 664
264 856
512 388
504 925
397 999
30 347
346 122
427 688
254 585
230 768
577 929
266 103
437 260
19 1113
63 6
618 744
509 1278
417 295
28 870
537 498
163 1074
77 405
466 1097
364 155
31 441
481 459
229 1144
356 1234
239 1095
425 330
175 641
551 202
114 401
524 47
150 63
246 1169
160 434
457 766
265 1206
470 125
444 1110
519 334
551 734
477 862
509 207
495 598
642 916
89 778
211 1129
483 460
498 1155
428 694
584 1165
11 1186
487 1129
16 719
104 1103
569 1256
551 442
218 139
299 499
636 571
499 174
352 90
454 403
15 674
450 328
304 1241
88 119
473 844
207 159
40 433
583 514
348 903
245 695
60 585
240 468
642 1160
637 244
121 166
35 71
399 444
296 565
420 1179
80 1227
592 940
135 1123
198 725
556 307
512 369
254 1211
410 1076
128 357
250 53
42 69
358 337
410 59
213 580
494 76
445 452
259 28
175 983
334 880
412 305
305 1206
306 1099
590 145
190 721
333 296
541 771
627 380
566 37
475 908
281 540
634 634
12 44
490 995
520 686
186 1104
643 867
54 798
58 1202
401 1208
614 106
541 813
307 304
393 1191
148 609
98 591
609 826
603 1138
17 421
256 576
77 178
150 1153
648 476
21 319
546 724
379 1149
617 175
341 1272
445 798
482 483
440 210
353 669
433 1007
179 1289
497 204
642 336
508 1275
157 725
158 9
535 238
151 72
49 991
508 79
185 55
330 1098
487 1143
23 650
466 140
281 256
