282 29
339 219
287 655
472 1057
459 809
129 893
423 776
222 840
267 229
361 625
211 741
447 745
463 215
114 1006
536 659
468 88
213 52
282 535
122 654
40 573
88 612
380 512
470 821
302 951
26 891
205 836
375 37
72 651
425 741
166 759
279 459
6 334
460 969
174 488
132 57
128 532
28 275
70 466
107 146
406 1054
63 450
27 157
156 814
445 1094
233 29
286 84
418 732
264 803
99 63
456 449
470 470
213 32
470 71
401 431
107 1038
94 721
315 854
294 381
334 499
62 512
320 173
149 469
312 241
130 97
118 359
151 111
29 1093
484 712
446 395
78 712
540 112
449 257
353 807
65 913
62 258
206 580
459 476
468 626
93 325
160 1023
19 99
419 1009
546 807
91 796
323 1065
97 937
473 1051
106 1067
283 195
378 137
526 497
98 839
549 758
75 864
283 376
496 676
290 220
174 172
185 26
427 777
544 506
426 349
92 704
458 1092
257 1059
500 738
271 320
136 305
67 968
116 960
145 548
17 1066
146 73
247 396
442 488
452 677
444 517
84 105
467 699
292 133
306 459
101 702
218 194
409 994
112 12
272 818
40 707
286 73
92 551
369 88
356 494
131 1010
18 1094
366 1092
462 999
141 582
122 912
16 615
420 28
100 465
245 271
16 799
504 726
425 923
348 803
233 128
58 979
418 499
508 717
505 138
274 190
550 1035
521 89
464 493
320 770
546 568
481 372
58 866
88 820
212 948
132 764
317 334
370 301
223 305
150 518
260 590
277 525
134 347
360 859
507 816
359 186
96 975
256 10
301 286
331 487
228 1057
274 9
361 97
295 110
509 565
26 316
90 537
305 108
169 170
527 427
65 58
149 587
117 1086
142 133
172 997
368 610
344 629
26 1089
321 384
538 145
299 193
230 806
310 356
403 529
79 894
427 582
204 404
169 919
463 557
225 906
407 279
269 1051
450 692
164 224
205 475
436 329
203 834
26 962
252 719
208 528
150 449
242 385
192 185
467 498
398 724
311 405
32 584
494 1055
258 539
179 115
3 612
381 193
86 1008
282 365
245 500
25 615
78 626
259 497
21 318
355 195
56 593
433 1063
181 322
411 25
13 538
529 725
276 184
305 187
20 349
491 1091
355 572
486 484
548 722
147 608
418 53
410 540
324 152
396 775
523 906
171 183
518 728
208 195
344 896
185 575
373 632
408 572
83 334
198 817
441 78
190 143
114 403
432 800
275 897
157 1056
532 884
212 466
97 122
397 75
455 379
269 1097
352 930
483 480
496 17
271 685
194 78
437 1065
548 980
187 881
