283 583
108 947
164 1090
500 351
378 397
340 1000
292 1106
470 457
553 798
25 700
157 178
445 993
282 709
110 362
536 917
152 644
184 986
396 1010
607 148
315 1255
133 404
570 25
559 1057
116 746
396 638
34 524
435 1141
618 522
418 168
95 753
514 253
534 601
390 976
412 1110
236 482
490 1237
542 939
180 467
378 195
644 384
47 845
641 1282
355 595
84 27
486 1225
493 1265
147 982
554 933
641 1070
341 848
290 54
181 645
388 1280
414 792
37 615
632 456
33 926
599 473
594 1162
241 1252
482 177
412 466
134 466
478 1055
31 332
337 292
519 180
88 521
173 783
420 933
363 648
44 933
178 1169
547 1043
189 738
208 1193
414 961
491 664
369 273
245 559
58 921
570 828
414 500
493 992
378 544
131 180
44 154
170 215
128 706
496 630
250 368
444 1132
450 922
182 678
58 138
262 1179
416 597
441 919
152 261
636 836
44 991
465 86
122 906
223 154
562 589
65 36
490 265
11 588
85 117
303 432
265 1281
125 159
186 147
334 850
418 1039
536 417
468 535
8 676
356 216
255 567
372 38
475 332
94 954
6 639
638 243
353 1260
145 1169
466 1237
104 737
563 373
543 124
114 18
308 1154
177 416
308 1027
447 1281
203 320
579 1121
177 320
523 1212
261 468
432 1170
410 1053
552 335
638 676
27 667
634 890
438 980
40 704
77 635
307 243
272 417
59 1152
52 35
2 328
300 1198
582 889
51 181
533 28
31 966
172 194
156 581
394 1076
446 927
416 267
634 891
360 232
69 542
242 463
532 241
286 512
589 889
249 738
420 375
128 203
76 1045
509 652
529 257
473 709
42 228
368 501
511 742
580 150
368 165
363 488
525 1129
70 719
568 695
195 482
139 1171
315 584
234 852
240 676
405 872
83 1010
537 934
317 565
417 1212
509 601
334 556
376 607
271 107
478 863
305 447
503 373
625 893
583 810
129 854
604 920
579 942
138 474
391 203
464 302
285 698
294 968
535 741
544 627
411 1262
117 316
28 56
588 1186
459 15
75 606
581 390
16 205
340 835
165 747
140 1230
276 1197
600 944
641 480
327 1168
404 295
413 1264
244 153
263 1060
376 22
339 797
285 806
316 500
635 821
526 942
38 1282
576 832
601 1124
429 1055
205 932
160 1090
281 602
117 1016
413 58
320 310
360 128
26 1157
223 806
188 506
342 643
579 151
127 884
59 35
44 427
630 1219
322 101
45 385
523 223
344 703
451 452
246 480
329 686
348 1097
367 398
293 877
446 1134
207 883
85 861
187 816
215 292
610 463
211 143
457 564
76 1100
325 43
16 454
24 977
