279 135
591 1072
113 936
635 570
364 1128
231 403
374 560
529 692
594 34
60 435
297 328
323 635
595 1013
480 552
110 1077
521 614
510 636
267 255
560 160
386 667
131 496
576 279
15 605
224 900
257 316
475 12
602 84
379 1227
487 748
600 194
450 937
227 1052
113 501
270 1259
480 631
201 896
518 460
164 31
296 243
542 740
665 753
375 1046
13 802
595 860
204 187
185 670
24 33
109 1306
341 295
357 870
32 83
481 24
271 1010
221 894
278 734
605 386
132 1153
90 1096
73 235
374 520
658 1171
325 472
626 777
522 501
359 588
28 1265
615 705
620 950
505 1163
533 298
566 1228
431 1025
547 797
22 1222
104 894
229 49
189 741
461 1170
154 1004
614 25
602 967
526 381
135 585
85 5
522 244
587 753
295 852
160 1082
33 333
41 40
387 1078
42 364
404 854
12 1247
671 990
389 763
390 458
459 171
121 946
199 489
394 926
461 981
160 188
92 328
405 549
3 891
496 122
659 513
288 1307
369 1062
98 713
177 89
10 280
266 1140
107 662
337 960
70 897
343 1267
41 837
346 828
96 927
178 706
155 773
484 284
443 1156
161 336
360 135
14 504
236 1020
570 1159
341 251
478 453
397 71
298 414
159 302
432 950
78 455
93 723
306 335
179 1202
45 645
519 413
11 529
260 873
547 260
491 437
135 1072
462 1020
475 1031
524 429
87 1196
580 838
159 1004
467 36
390 1186
92 1328
241 71
11 810
138 937
626 1102
121 145
593 597
276 721
318 1300
44 789
165 57
11 876
622 323
636 527
472 835
573 1100
336 1078
479 709
151 534
228 9
576 197
295 148
653 543
438 115
599 1271
425 381
531 721
348 922
571 250
539 243
478 358
570 712
358 1060
23 96
672 349
226 653
265 361
243 162
596 837
137 1239
186 1136
271 628
416 1294
501 725
193 687
351 339
266 218
106 435
645 803
22 522
654 20
197 3
492 771
475 537
273 795
100 293
324 246
155 245
285 1265
485 1141
113 713
139 85
65 972
552 1275
624 352
474 1305
422 194
204 522
56 974
446 397
330 181
483 1023
426 1231
497 85
14 651
124 1001
615 70
68 76
578 596
656 1004
394 1306
659 723
377 166
93 372
567 184
348 503
271 1297
459 913
625 285
558 591
230 63
235 1294
246 1104
308 870
338 523
505 1059
151 644
131 302
34 1212
668 425
192 955
526 667
612 1318
284 712
74 385
519 702
592 130
584 46
53 898
451 630
285 594
524 1338
449 1315
333 294
411 36
215 41
559 1074
291 957
195 907
348 513
433 69
347 577
588 764
668 870
563 156
