275 321
284 345
310 396
129 562
410 465
98 529
135 194
410 707
101 139
404 84
264 327
48 791
137 126
94 772
103 462
290 231
289 530
284 707
338 221
82 807
408 721
34 44
391 356
236 753
216 620
109 798
409 7
39 393
131 315
78 22
61 739
111 738
166 304
312 593
339 768
81 325
57 226
77 707
398 366
220 217
219 18
371 763
193 85
26 36
240 681
2 219
96 229
367 427
195 153
23 823
52 428
38 399
127 583
126 238
46 431
246 520
275 820
118 344
215 556
270 302
191 302
140 181
113 15
37 457
211 395
152 259
106 151
6 626
301 203
136 658
46 42
418 261
139 273
351 107
225 688
375 590
272 487
223 450
202 374
145 140
360 151
299 415
87 151
67 551
260 401
378 456
245 85
300 737
37 268
72 34
390 154
418 716
89 532
306 686
115 91
367 371
230 217
360 462
107 492
57 497
172 401
5 555
405 67
406 202
92 784
239 338
327 359
167 126
316 277
92 267
330 481
313 481
359 86
135 296
346 57
147 138
117 405
157 591
219 237
135 496
65 265
11 818
60 29
12 513
213 731
383 600
339 809
135 184
259 123
302 151
414 78
218 72
107 233
216 202
199 409
404 656
335 522
150 112
121 776
322 706
279 643
25 676
250 434
238 74
64 139
192 263
399 180
245 425
338 291
92 705
183 833
388 338
8 121
177 426
345 545
83 142
377 819
383 625
324 309
242 596
354 151
357 634
366 454
66 530
380 756
250 333
8 410
349 39
354 9
227 74
179 717
140 14
292 284
395 283
126 590
304 769
311 150
299 36
171 90
270 125
189 687
105 679
352 269
364 732
292 684
349 61
91 332
282 607
369 288
242 116
345 353
34 166
251 488
69 673
152 326
122 729
321 750
394 122
320 339
262 347
274 739
114 230
288 622
226 263
268 99
229 67
52 378
131 127
73 409
199 237
269 89
378 81
284 475
328 381
363 578
263 278
341 109
323 717
174 612
223 657
104 259
412 479
328 386
313 130
319 696
145 334
296 412
240 728
275 665
247 81
282 255
266 437
313 752
351 164
402 401
384 524
117 734
184 762
409 94
82 229
238 149
363 717
221 360
308 18
143 285
170 832
159 482
256 118
416 710
58 345
60 324
290 407
212 646
319 182
280 492
214 461
267 445
23 744
332 346
397 537
360 730
264 356
414 25
122 800
135 667
173 587
103 288
155 700
179 460
317 391
265 546
126 338
208 327
19 8
290 327
374 12
