278 214
335 322
332 688
169 419
193 735
400 752
332 31
177 96
343 15
364 525
267 597
95 269
86 5
221 546
257 791
215 465
198 632
115 187
206 666
391 768
119 770
179 373
278 63
98 496
21 338
136 409
312 781
258 203
90 603
58 569
90 519
108 808
109 83
358 314
303 606
63 705
283 374
119 288
85 654
121 113
210 418
12 779
367 695
2 627
377 403
12 776
193 614
307 655
399 542
214 383
320 460
35 7
223 594
8 206
22 108
349 375
194 743
341 551
242 213
124 611
297 112
165 3
187 633
395 765
393 453
58 316
10 232
29 810
368 198
100 158
101 91
109 30
299 599
277 247
61 798
410 207
235 679
249 529
39 225
176 449
65 692
174 110
141 551
138 750
339 778
78 101
267 107
45 710
61 151
5 744
158 623
15 702
103 289
24 414
317 424
158 182
388 144
281 452
200 107
254 106
169 205
384 12
416 44
86 104
264 23
128 615
367 126
167 685
129 139
415 8
228 11
216 756
39 530
362 593
314 384
11 306
62 705
79 185
322 734
29 11
407 335
340 440
129 452
270 54
38 791
194 625
90 817
125 134
221 485
357 824
172 349
162 524
171 791
287 468
187 90
195 320
71 659
197 775
302 288
170 833
77 171
352 514
361 723
145 831
320 386
74 813
24 763
202 692
40 114
24 190
226 383
324 177
280 748
149 280
354 696
401 528
268 663
197 34
236 591
66 162
63 538
121 481
169 216
13 113
371 212
134 311
41 311
265 50
182 66
383 397
359 7
46 779
266 677
297 767
309 226
207 132
386 609
36 679
16 311
396 319
293 265
256 577
110 148
159 761
386 821
286 112
149 518
172 537
398 149
389 747
238 195
83 114
410 451
376 109
316 714
224 457
298 201
247 315
196 479
264 129
285 685
113 283
366 199
108 443
6 380
319 84
331 362
4 536
179 699
314 782
206 300
122 632
233 425
409 550
28 531
177 460
197 792
390 270
316 42
242 680
84 833
8 374
361 546
155 222
111 607
97 172
19 64
9 357
177 779
260 576
48 599
237 406
98 266
209 610
214 10
258 15
13 298
138 527
393 295
121 501
59 426
184 544
80 478
37 177
188 255
49 22
33 269
68 373
116 553
403 117
39 321
92 298
155 332
242 298
118 113
355 704
44 771
180 467
44 346
213 7
132 143
379 627
250 180
277 503
276 46
144 602
306 284
379 646
262 616
121 616
51 334
146 630
41 454
413 308
325 199
169 69
323 642
397 521
112 157
