277 67
233 686
128 172
45 431
354 120
156 465
283 41
116 474
121 488
57 500
171 578
155 705
132 300
216 530
256 253
175 400
7 169
35 247
276 241
271 237
59 344
73 250
252 680
280 676
159 334
70 584
296 516
156 134
342 427
171 369
23 13
308 99
104 308
32 456
145 212
7 218
280 484
192 605
4 171
323 55
327 589
101 322
214 429
202 211
214 600
209 184
127 132
256 280
68 287
37 247
96 688
43 59
263 137
222 6
11 116
199 395
79 536
260 605
156 158
9 42
3 486
297 272
149 241
279 346
202 217
226 211
81 109
314 26
223 633
39 106
278 558
176 353
299 238
174 439
336 1
145 330
203 195
242 565
329 609
229 355
67 700
17 200
303 338
8 195
243 129
160 403
34 334
32 606
260 525
168 274
130 624
325 124
341 391
261 521
100 222
114 331
260 638
25 641
344 257
136 441
204 661
74 264
154 567
136 612
310 336
67 700
66 531
84 470
48 81
80 231
353 493
270 444
309 317
125 284
84 235
295 607
81 206
118 467
12 352
105 217
205 86
214 515
116 63
7 135
149 93
120 695
278 679
152 540
45 628
340 656
42 112
258 510
297 169
160 684
129 175
140 600
274 605
288 478
124 15
186 631
288 105
289 626
115 196
185 518
13 68
250 92
1 109
63 240
192 635
5 285
23 543
2 633
119 410
242 528
114 21
301 657
294 153
353 11
19 239
253 78
300 364
291 20
167 22
135 190
345 353
147 517
236 86
283 225
67 174
343 660
180 421
16 85
151 213
230 211
126 184
108 160
156 5
211 629
37 616
311 582
254 618
199 225
192 165
177 206
222 193
309 468
110 690
88 150
8 552
331 319
149 595
343 367
26 57
330 351
350 704
267 451
286 78
354 133
208 130
136 175
205 35
162 340
327 269
104 109
252 269
173 425
154 373
109 685
185 114
109 574
347 147
316 67
222 31
251 621
146 174
53 71
44 456
39 125
77 123
339 430
19 110
237 322
72 686
101 402
167 641
47 204
307 430
175 640
106 68
146 202
3 272
60 1
47 448
281 672
69 141
105 595
30 425
292 187
106 26
244 232
285 304
318 154
254 80
340 169
268 68
2 442
70 206
33 88
175 198
189 374
332 299
344 56
207 430
119 580
272 381
307 169
42 83
101 373
211 198
34 638
114 520
31 70
258 47
114 372
151 421
190 194
215 371
262 507
267 489
165 254
154 359
112 471
147 221
151 405
6 255
47 431
266 52
231 131
