274 232
383 87
129 619
432 111
227 717
232 116
22 774
432 758
272 774
82 303
27 828
281 114
263 82
124 199
85 331
347 7
342 66
214 284
235 613
216 296
179 556
90 232
409 728
145 443
184 691
261 132
156 785
70 66
208 816
8 40
72 110
276 304
277 370
316 575
62 609
52 23
382 763
228 806
15 673
143 428
83 808
412 110
271 179
342 541
362 87
354 571
199 538
139 711
276 245
328 752
179 374
300 416
149 23
84 131
186 803
321 647
146 449
5 491
90 294
414 690
400 747
169 33
126 838
289 166
357 458
136 767
321 614
217 525
347 167
326 125
213 709
355 337
65 741
172 503
197 242
264 802
236 296
4 553
160 497
258 832
197 635
89 540
198 154
319 468
286 227
338 427
57 423
404 336
295 401
40 827
322 170
384 789
413 701
39 774
293 467
217 627
105 174
92 470
126 101
133 341
398 20
438 98
284 761
39 494
375 700
21 532
176 490
66 696
239 859
147 90
147 782
64 409
106 481
371 669
240 167
369 520
87 691
289 153
22 4
51 437
399 246
152 300
137 867
409 68
264 28
151 769
41 63
280 320
122 33
427 231
361 189
422 309
141 308
223 105
345 197
172 14
132 706
312 224
388 529
288 470
99 864
163 360
347 452
124 757
281 501
84 362
339 817
25 574
44 876
129 266
83 784
369 217
423 728
361 23
114 203
387 709
377 234
141 469
114 788
32 298
74 685
278 777
246 592
203 266
405 524
330 543
28 852
49 510
131 112
132 793
252 656
308 371
410 684
338 470
383 39
416 819
149 567
380 423
364 137
132 365
38 553
379 786
439 141
425 187
21 669
55 282
293 155
17 31
228 675
367 642
83 576
97 867
220 521
18 2
129 44
25 752
297 347
305 788
259 847
369 117
225 276
378 851
288 844
419 138
366 831
248 447
129 183
206 131
219 717
291 44
38 396
39 251
300 523
91 84
416 302
243 424
30 702
254 23
370 715
273 35
406 69
21 212
7 161
286 602
252 783
170 576
235 153
95 479
19 320
236 66
329 366
63 151
195 113
67 466
22 421
1 847
111 106
167 673
43 285
120 663
113 316
342 740
257 848
117 620
110 149
117 586
389 259
228 730
98 790
203 16
411 131
230 304
344 311
419 461
297 632
105 27
12 477
321 677
303 116
27 751
157 832
270 432
25 355
375 373
375 300
258 293
267 707
163 177
103 390
110 177
170 196
73 373
35 812
418 759
405 527
