281 206
107 624
76 28
238 394
285 187
239 32
277 267
86 581
271 533
319 257
54 54
120 189
230 99
72 603
149 593
285 267
216 371
87 302
269 580
249 29
87 23
58 539
180 509
150 229
322 185
238 640
40 307
29 531
186 377
210 562
121 182
171 492
224 547
103 401
295 431
119 335
122 333
20 247
166 610
245 61
133 173
7 512
66 130
108 363
253 96
321 192
104 315
237 469
28 611
226 566
197 380
322 301
325 151
280 289
241 270
322 314
302 332
235 202
226 252
55 407
79 332
290 179
231 7
188 48
156 274
130 330
34 30
11 658
54 393
75 126
112 50
36 633
206 412
119 225
44 88
192 659
312 382
12 23
77 638
186 387
6 576
168 242
122 128
189 657
302 517
114 14
267 60
285 210
1 213
15 82
104 562
197 539
77 11
254 431
327 283
60 9
44 96
114 575
125 218
297 61
189 630
232 656
95 57
101 291
197 367
122 217
199 180
54 458
42 362
66 629
5 622
5 212
305 627
61 591
266 157
300 616
216 463
99 259
175 197
286 427
282 540
147 236
99 398
326 60
181 286
186 97
220 479
283 133
133 410
171 269
188 36
109 511
292 558
17 480
99 296
198 574
185 367
45 14
112 454
258 384
22 233
61 328
249 617
97 176
145 130
151 322
265 204
86 602
266 285
310 9
270 224
105 498
119 324
2 169
135 241
289 211
80 79
298 412
245 559
310 519
218 153
289 489
101 262
314 479
233 578
315 584
221 209
191 333
142 15
6 303
9 346
89 567
143 270
45 192
307 131
179 462
81 302
68 635
271 233
295 402
318 335
269 34
311 435
260 137
311 421
2 487
210 400
65 8
278 438
17 87
205 40
251 164
317 224
309 424
182 154
13 568
313 213
276 580
9 207
7 290
16 170
218 117
216 429
189 371
217 7
228 136
14 227
140 540
26 185
173 290
228 453
72 61
296 158
24 16
234 418
11 35
55 483
91 585
37 181
250 550
18 270
243 625
330 288
306 523
36 641
29 324
160 228
322 427
99 466
76 87
226 299
38 268
77 544
258 499
184 595
229 390
245 132
199 370
7 406
79 36
10 558
169 209
206 6
213 87
22 499
247 336
254 336
315 219
325 414
285 130
301 606
278 480
7 652
287 178
299 599
198 480
165 447
164 575
277 475
266 105
126 571
226 173
132 182
225 37
112 421
29 381
236 311
123 350
79 68
152 97
314 151
172 100
17 459
17 583
132 621
301 254
128 406
42 301
282 300
189 151
27 193
251 283
