276 174
1 645
28 290
64 287
351 333
63 534
183 197
231 46
128 181
230 441
9 2
287 717
354 593
167 22
15 382
182 75
270 295
336 221
345 54
110 212
190 343
231 593
72 573
312 626
68 378
50 78
212 562
177 51
43 420
355 694
96 239
316 94
236 259
207 282
133 571
161 679
282 467
244 632
18 311
54 110
356 221
266 86
319 510
80 341
130 125
242 671
337 398
295 114
149 593
285 259
181 104
328 647
334 334
239 233
197 167
184 210
342 265
220 51
60 91
183 187
195 707
50 491
53 418
269 485
113 557
81 457
150 548
102 566
356 571
337 153
48 463
101 510
218 481
84 51
323 154
14 228
83 566
167 213
106 669
8 465
146 192
148 678
109 587
290 231
29 557
11 564
286 73
346 475
121 425
38 487
312 261
224 594
324 451
200 516
7 121
300 96
61 540
153 295
248 310
298 331
163 669
335 447
60 712
283 141
275 405
140 91
297 71
25 712
173 687
303 125
271 451
219 188
152 482
278 29
267 110
107 571
59 364
291 360
3 463
75 213
204 367
305 295
100 704
331 80
142 398
266 288
38 122
117 133
346 314
133 709
281 61
287 165
219 85
120 624
222 499
357 128
84 349
285 417
112 103
154 76
336 307
148 244
137 169
242 320
56 171
135 508
2 250
181 18
7 188
173 472
313 399
272 105
245 67
27 161
189 561
314 560
318 588
331 419
257 397
124 351
353 37
130 52
111 468
113 538
61 655
39 361
114 343
155 684
301 180
200 505
1 629
136 217
292 255
347 371
292 177
9 498
203 329
308 666
189 211
317 66
240 217
293 678
181 672
159 585
36 546
17 382
333 489
135 327
168 280
226 477
306 321
45 194
133 683
136 346
21 97
23 339
242 174
234 52
268 275
237 396
132 141
238 156
138 185
248 327
324 98
262 286
320 188
114 393
74 214
262 215
78 121
72 471
156 533
313 83
42 592
198 313
108 624
342 539
117 612
320 262
16 574
297 265
183 333
227 52
138 126
195 409
90 313
301 70
137 717
7 402
46 613
108 677
180 308
263 457
46 445
61 366
152 608
61 263
192 407
294 247
163 14
200 97
60 296
158 108
305 352
56 39
73 3
210 605
51 20
59 428
15 246
259 141
56 267
108 496
19 251
17 271
215 381
140 517
78 232
174 315
319 407
312 423
190 396
196 294
341 209
55 573
32 291
17 304
199 440
319 304
78 202
145 125
237 184
261 715
151 565
325 451
182 413
