280 93
217 267
72 342
460 645
408 724
339 213
365 391
440 863
39 456
71 43
269 258
31 786
204 542
396 246
141 953
330 236
61 52
281 524
452 237
132 49
134 381
248 114
371 258
191 798
121 410
281 368
134 923
62 99
484 192
13 162
104 538
465 966
75 519
301 85
340 621
491 223
99 845
179 321
278 296
14 476
51 467
364 853
251 495
34 913
243 788
224 961
313 508
256 169
57 682
341 980
90 610
110 838
435 236
230 603
443 299
366 334
103 608
53 716
163 879
164 925
7 924
91 369
146 193
357 426
15 120
272 24
221 869
67 36
353 283
174 173
28 795
290 332
47 707
103 831
259 539
401 587
241 646
420 564
346 451
486 465
134 180
173 420
410 922
215 61
247 80
323 160
363 835
448 605
307 968
72 210
495 4
22 624
93 287
136 799
440 790
38 622
283 345
395 526
289 191
101 562
6 736
405 706
442 879
11 278
344 931
104 791
260 607
95 584
383 167
271 890
147 329
46 744
52 202
296 425
68 568
441 11
151 133
309 93
90 483
47 886
494 563
317 169
210 241
151 522
172 414
238 354
380 825
41 467
385 970
2 872
223 348
63 280
472 897
401 995
453 888
348 36
152 256
431 525
368 60
36 694
419 80
473 836
364 342
46 753
491 437
75 889
308 693
180 880
355 23
427 954
336 482
122 892
480 315
306 852
453 800
98 536
481 278
391 954
396 928
427 585
75 692
425 409
444 197
375 558
387 863
494 374
388 283
205 595
125 565
61 347
102 403
354 801
370 413
200 763
272 330
462 848
377 661
105 984
119 270
91 815
456 570
107 492
122 817
215 171
144 630
405 508
326 677
48 735
441 353
77 702
235 321
196 281
159 783
483 957
104 689
53 38
72 894
467 494
238 968
280 379
64 633
354 206
364 95
327 490
6 843
74 927
379 603
293 915
336 24
192 1
331 522
341 423
328 882
449 269
95 783
448 265
429 755
375 339
371 10
322 228
297 363
173 316
194 730
71 649
218 826
291 91
60 893
279 836
472 462
57 874
164 609
490 831
1 479
220 657
311 994
467 869
88 481
198 998
59 951
439 739
341 452
252 166
181 710
391 67
111 656
271 929
298 471
430 825
486 417
140 380
164 731
332 469
256 928
60 793
373 313
328 870
278 720
330 241
450 50
256 326
496 396
351 833
499 438
101 705
452 944
355 198
346 790
144 54
302 262
111 713
442 368
330 520
407 827
464 529
383 776
247 770
433 419
251 512
445 249
484 306
451 647
