287 61
467 1238
637 70
47 852
242 1078
716 659
348 369
184 1275
133 613
599 1053
187 976
524 1109
128 452
2 361
280 773
363 150
57 756
585 156
208 1089
468 1379
484 1056
492 687
408 669
130 1296
615 255
379 1241
75 505
430 1464
446 278
531 1264
19 1234
3 641
241 1414
594 1354
663 1303
40 1089
420 1465
2 1266
390 717
508 1300
638 479
317 983
440 1177
386 605
679 250
714 1272
41 1133
481 601
546 246
635 1478
586 1131
662 453
292 511
129 718
497 151
661 1267
383 811
697 190
456 981
95 473
203 342
53 234
296 491
53 794
549 120
616 1061
524 374
101 256
688 563
495 277
668 154
236 243
396 794
659 555
731 1132
675 1315
134 323
284 1198
115 1051
692 55
216 309
173 609
93 130
741 76
124 1032
368 321
176 158
156 1146
607 321
314 1010
361 252
110 577
3 861
323 1159
136 1478
559 358
201 646
163 1483
242 26
454 896
84 618
336 1198
709 1060
149 1038
610 556
364 116
536 913
450 441
308 198
111 185
298 203
378 22
641 1141
459 571
554 427
732 868
269 818
164 985
607 724
145 15
719 1259
55 1452
67 1386
247 1025
212 374
649 784
182 1298
452 233
542 922
580 1401
342 663
268 665
279 126
382 1131
260 1000
115 672
631 201
474 1011
472 102
83 1340
191 339
730 767
607 576
444 1114
516 126
590 515
183 1476
32 1101
9 62
278 1127
422 1320
350 622
5 588
135 76
569 680
401 651
437 721
308 885
169 1289
282 777
692 1136
101 163
443 1400
483 1343
271 839
336 1209
333 281
560 197
212 763
281 836
650 405
289 208
224 1479
300 648
225 649
543 250
172 889
556 1058
251 975
229 143
40 1474
186 807
672 1130
397 1321
741 1178
545 740
262 1176
222 600
151 1111
715 544
613 198
140 1495
261 1053
704 1311
235 807
406 1003
568 112
86 1468
452 970
36 353
54 1266
535 652
298 1379
44 693
410 726
111 1430
480 226
719 1030
476 147
294 762
556 484
171 706
63 1308
535 52
69 852
108 336
169 339
510 1295
52 1288
610 813
8 1430
177 1433
51 1043
507 600
733 312
68 1216
317 738
359 348
469 214
36 1021
93 1049
558 390
244 1424
367 239
535 1069
535 93
194 927
47 602
248 1005
635 1487
56 265
61 9
636 1100
714 1480
304 288
602 1484
318 401
215 1085
404 253
589 731
108 524
231 1258
421 674
708 1197
722 1118
742 1330
357 1010
170 10
738 1400
596 1236
300 67
373 160
266 665
66 298
438 1409
439 705
595 40
474 568
379 809
519 68
257 189
284 42
715 1002
379 319
393 1361
622 1401
579 1124
366 312
363 606
452 1217
272 366
498 572
498 275
117 542
93 597
633 926
514 913
220 239
