285 8
219 162
149 131
17 410
83 54
10 257
133 3
200 190
15 405
186 148
90 171
96 289
26 266
85 440
100 18
203 125
77 267
75 494
52 286
193 287
191 490
102 73
56 265
113 352
230 12
118 395
85 370
184 232
103 160
197 61
13 320
225 258
135 146
93 485
160 98
235 119
183 71
172 493
145 68
61 147
131 348
99 55
176 407
226 384
112 489
231 198
143 249
91 114
210 405
21 279
114 195
44 130
107 322
115 66
217 89
163 18
137 473
53 78
83 37
135 97
120 350
190 223
115 93
236 254
248 382
73 494
10 96
163 36
179 144
51 161
7 37
237 405
47 24
174 482
79 95
64 168
67 12
58 344
52 347
77 403
251 9
244 392
161 147
68 102
113 253
148 314
20 228
245 425
122 485
212 260
241 234
194 476
54 240
159 205
36 124
240 424
66 88
189 472
114 376
94 377
97 124
74 227
227 150
234 478
176 66
139 479
204 227
208 140
19 393
3 302
18 97
241 132
81 350
249 93
81 117
157 117
125 307
25 29
36 356
76 185
210 70
2 444
232 243
11 49
28 115
39 428
18 28
57 440
221 256
93 417
80 415
87 279
20 11
199 109
168 497
61 371
131 141
50 315
33 97
236 189
56 267
116 3
208 385
89 320
90 178
116 444
13 109
224 385
105 411
176 401
2 265
154 26
62 294
175 310
223 8
176 159
234 478
236 105
38 177
120 80
123 260
147 335
180 97
147 57
3 88
71 120
152 311
4 15
154 473
134 261
169 244
228 455
116 149
55 33
188 10
238 225
250 62
199 360
83 139
211 347
50 364
167 38
191 394
46 294
229 285
251 390
79 413
124 357
33 237
250 262
250 233
161 368
171 271
165 97
86 169
170 307
81 159
207 201
131 284
168 201
53 304
98 167
40 250
158 472
249 449
51 449
150 264
128 313
15 447
9 202
247 461
172 357
10 468
58 101
205 31
189 478
66 480
64 313
72 478
173 319
92 5
41 166
248 365
212 432
145 96
120 131
47 270
24 457
132 360
58 251
39 66
239 44
5 458
253 156
233 262
50 118
55 268
181 456
190 428
199 135
172 292
74 380
154 292
153 67
72 228
8 301
195 151
198 499
45 290
124 250
105 472
132 331
32 261
153 112
214 295
30 228
68 280
79 77
42 291
10 466
31 330
117 403
91 464
234 472
172 71
155 176
7 325
36 404
9 156
239 293
102 293
222 264
196 163
28 171
237 488
37 249
244 208
88 383
119 166
149 192
199 477
75 315
16 236
209 58
16 346
133 212
