292 94
23 185
64 237
115 2
54 246
176 452
20 415
65 458
204 76
107 40
244 219
200 48
45 42
184 290
10 95
237 118
195 36
29 246
212 243
33 151
42 282
41 384
268 515
237 379
247 201
69 160
231 408
10 417
124 127
194 153
242 289
262 69
92 75
60 192
14 173
180 189
120 394
64 17
236 513
133 341
274 31
105 327
45 482
31 415
277 35
269 193
189 313
134 327
128 290
218 361
40 491
150 31
102 357
188 122
79 30
138 190
175 19
235 279
197 533
30 188
83 21
277 52
117 371
232 245
62 439
47 186
29 435
138 285
76 352
83 371
192 65
86 396
237 188
179 2
168 325
185 329
132 116
280 471
253 525
170 340
49 186
37 460
248 344
172 410
59 398
40 91
54 469
174 286
86 320
75 273
121 424
158 438
87 403
26 427
156 208
265 537
80 105
137 96
8 309
221 180
169 303
50 408
262 92
85 211
60 532
19 11
208 323
100 102
105 187
125 364
108 277
145 30
100 534
143 7
134 72
167 236
280 291
219 439
260 335
61 58
130 309
123 157
69 173
87 165
268 421
68 432
29 48
145 382
261 42
278 232
80 193
251 414
244 206
157 152
166 482
186 265
246 371
125 58
253 305
92 405
22 259
130 419
239 315
177 291
207 239
8 529
86 40
124 290
162 157
254 434
16 346
24 551
3 88
98 346
268 238
29 326
74 198
157 325
280 205
87 383
47 244
58 432
268 17
225 359
99 297
138 416
10 554
125 192
264 439
58 78
42 321
150 184
50 245
235 149
207 64
269 170
216 210
177 314
59 100
58 300
186 184
97 441
160 214
92 295
157 62
7 161
234 320
186 152
99 191
81 20
205 104
280 532
262 108
163 123
116 71
222 514
256 403
26 367
50 169
184 318
273 46
237 328
3 408
97 355
181 105
277 349
144 264
194 479
150 230
168 383
114 68
212 128
233 135
168 224
278 308
127 336
214 290
230 140
181 480
150 517
199 450
246 526
61 465
13 363
259 18
180 447
46 88
169 55
269 313
115 531
216 150
230 111
252 446
260 319
180 20
265 218
262 78
53 107
98 323
49 507
65 231
107 321
221 278
183 361
17 192
137 379
47 21
88 123
140 309
1 513
149 135
226 447
151 181
190 218
85 467
8 528
126 496
236 422
158 339
73 425
184 27
82 454
71 285
204 523
55 422
47 488
94 63
156 312
120 188
41 436
109 5
25 106
66 509
126 514
91 89
238 317
84 92
198 378
251 121
102 274
109 194
27 557
259 399
191 277
112 314
29 185
119 351
92 462
252 362
225 338
134 512
113 59
140 543
