293 178
371 704
59 371
162 475
384 362
366 261
394 250
182 642
321 399
195 879
359 770
288 746
24 785
225 637
232 567
333 307
20 340
278 156
457 396
278 169
368 644
200 218
180 589
367 718
287 729
67 561
261 840
92 343
190 35
220 466
303 768
33 468
327 515
169 79
199 691
425 41
381 324
229 310
342 745
239 533
63 485
131 9
110 791
399 361
142 788
167 919
309 605
381 929
356 916
427 408
420 305
417 5
326 133
358 500
434 746
223 865
383 10
358 122
419 435
220 869
230 230
149 931
433 915
340 737
27 729
281 528
118 736
299 904
109 524
412 892
405 690
71 937
137 600
465 430
163 76
319 350
4 233
258 923
144 513
425 380
135 605
293 402
427 125
88 268
183 402
225 509
155 710
302 375
182 173
63 855
155 183
174 811
16 370
351 827
110 35
251 748
37 659
102 148
216 812
352 489
281 300
399 672
152 680
90 342
111 455
249 98
97 932
272 114
119 825
449 314
17 195
76 391
42 466
392 737
38 563
180 484
418 929
194 825
386 876
158 470
398 552
29 184
445 619
321 660
443 134
190 759
150 890
57 377
390 777
22 518
62 879
398 837
443 740
386 678
423 4
354 126
399 680
307 584
152 852
309 403
24 888
68 54
436 534
111 506
374 51
162 503
123 141
382 360
419 427
447 873
141 650
61 680
254 541
19 326
323 560
402 685
30 796
154 284
417 853
154 70
23 469
407 322
67 581
57 937
149 792
416 640
384 448
322 595
212 822
17 341
48 826
53 496
157 254
28 30
422 383
29 775
98 92
277 797
143 594
252 768
268 428
431 606
318 774
269 785
456 703
429 920
272 102
100 158
390 470
93 204
269 347
115 373
1 231
186 29
138 45
112 869
12 600
253 111
45 784
386 785
3 456
387 505
104 19
10 323
308 33
191 637
349 439
394 675
92 603
439 246
130 752
197 626
77 483
270 926
5 892
72 890
132 123
434 277
307 174
51 791
31 196
184 766
295 234
437 413
237 393
311 13
3 15
280 607
292 49
166 114
101 423
397 773
61 882
91 280
184 143
49 554
403 62
216 138
340 3
448 768
18 201
405 241
117 229
144 233
193 149
291 38
249 932
46 43
59 48
384 279
186 812
48 214
246 147
354 874
372 833
27 63
25 813
218 862
52 120
445 766
186 410
178 14
466 56
5 66
260 823
301 449
26 244
406 101
11 525
337 41
267 793
177 247
468 836
458 842
95 83
33 352
139 741
388 481
287 423
222 827
260 465
344 483
376 43
390 296
144 780
46 552
423 124
283 428
293 574
352 836
133 649
432 428
113 369
36 931
