290 85
85 259
5 522
216 45
270 504
8 360
228 287
119 212
54 54
133 32
226 297
97 172
229 512
176 323
292 324
116 56
127 594
220 258
182 535
259 485
297 154
31 250
38 227
294 318
43 512
15 250
143 56
282 319
48 26
287 232
239 564
61 355
168 496
307 543
115 79
72 293
200 481
86 519
131 546
40 610
203 96
244 74
92 169
119 511
38 40
274 16
274 274
139 556
136 315
161 457
208 82
17 103
53 292
209 512
123 404
32 93
16 80
251 441
125 87
111 493
53 24
304 89
212 427
15 85
37 341
135 145
212 554
305 438
201 370
7 473
279 81
74 129
139 435
61 305
214 136
123 505
209 455
169 397
177 98
94 109
118 18
215 147
216 467
7 592
23 63
154 21
15 447
195 212
245 429
166 314
212 93
122 153
78 89
171 335
33 387
92 410
116 41
179 289
231 296
75 476
175 62
248 27
130 482
8 66
19 5
305 190
262 163
185 590
229 436
219 378
106 447
32 434
293 246
127 567
19 499
6 384
140 409
225 130
41 244
216 252
73 292
34 14
68 531
144 345
212 153
279 287
94 233
264 190
229 167
110 400
44 514
172 477
125 318
222 433
286 360
146 134
95 606
67 359
82 178
34 395
186 336
181 340
255 162
41 269
76 537
106 128
44 519
99 608
1 468
185 4
89 596
186 519
286 62
103 61
161 594
290 324
197 57
248 289
39 83
292 295
71 387
166 510
105 353
90 457
151 204
126 382
282 328
254 144
148 610
257 504
27 487
199 264
60 362
249 614
192 232
102 97
105 506
82 346
88 120
73 194
147 578
100 82
50 55
53 55
8 546
24 262
5 471
195 114
283 334
134 99
248 520
44 267
247 2
97 370
56 126
254 411
255 437
112 341
104 282
170 141
303 205
120 113
281 385
47 161
239 434
174 399
275 442
301 590
112 312
35 569
194 243
306 613
133 139
197 570
149 492
252 65
2 450
244 243
90 492
296 386
78 575
120 84
94 129
218 386
246 586
2 12
276 86
75 563
97 596
112 162
174 505
11 554
268 445
256 505
246 33
5 316
147 377
136 473
151 336
15 507
86 355
225 314
67 186
130 495
290 504
35 538
300 535
141 81
107 231
279 202
25 269
225 358
165 376
241 373
130 323
298 488
235 463
281 356
28 448
124 9
219 558
265 308
101 574
62 40
124 57
120 84
154 208
187 173
124 317
194 62
169 50
175 468
37 189
199 490
175 543
52 16
163 39
191 287
259 221
167 77
292 310
288 436
161 600
120 110
185 569
199 540
301 288
47 24
230 318
80 12
154 191
