288 212
50 422
266 242
80 221
143 157
100 444
231 223
25 212
118 366
257 506
76 319
1 271
108 319
216 346
164 178
21 548
258 464
201 432
6 333
57 469
287 257
118 199
168 34
227 401
87 207
218 129
98 15
50 366
4 81
147 385
35 306
269 533
117 389
96 65
200 362
49 427
184 149
26 395
263 131
193 329
283 311
254 566
2 103
52 398
293 300
158 228
208 163
291 209
56 1
146 225
199 181
117 252
119 293
138 243
184 256
277 106
74 394
274 333
283 484
238 25
245 170
250 498
10 487
158 115
250 207
23 125
76 235
266 173
285 473
242 169
291 469
165 543
293 218
163 167
274 262
199 443
217 203
155 537
32 77
76 242
114 372
205 264
250 496
86 550
82 169
229 271
134 434
275 487
16 220
20 524
201 381
81 34
103 421
153 236
177 62
291 297
22 535
201 292
215 574
259 458
43 560
257 200
25 259
181 254
28 383
168 311
97 59
164 233
72 230
255 385
291 413
25 106
138 323
14 428
231 455
43 352
101 494
79 26
212 456
101 552
26 176
21 154
193 25
252 444
250 199
225 207
209 377
69 402
253 459
80 457
106 76
292 433
285 275
41 485
235 19
39 369
198 470
52 310
20 223
87 130
49 219
85 185
44 553
151 275
244 266
104 561
4 398
107 539
34 54
12 524
160 339
72 74
73 385
168 310
149 334
41 45
10 410
221 304
162 10
119 385
219 491
127 493
278 512
3 438
268 474
164 232
260 367
43 13
262 559
77 105
172 423
134 554
88 506
123 194
217 222
294 557
29 248
98 44
290 447
23 300
51 420
138 331
250 394
122 77
201 382
187 525
265 281
257 372
98 450
105 30
257 223
289 141
202 15
70 108
51 321
98 161
58 25
172 429
92 275
109 498
215 217
220 371
30 28
256 533
283 145
123 557
178 575
283 399
230 106
116 257
206 388
105 561
271 331
282 482
88 281
80 88
179 584
285 122
45 456
7 126
97 175
243 66
206 274
203 56
247 75
113 135
186 149
82 243
258 423
103 533
251 98
28 325
290 446
241 534
3 558
148 70
125 209
157 84
232 46
191 172
236 23
11 434
51 192
130 303
102 1
75 57
269 82
163 563
60 337
157 93
220 118
16 380
57 462
1 62
221 412
205 461
98 155
9 360
39 139
232 155
184 495
120 122
110 322
224 370
256 583
76 149
33 74
1 181
240 174
22 321
64 498
7 113
11 217
105 13
199 552
243 166
190 188
157 38
185 559
46 93
23 298
54 439
36 325
272 14
194 422
283 133
224 119
19 169
89 85
