289 245
47 619
66 35
438 1379
445 1373
558 116
123 273
329 1058
783 153
476 637
288 211
550 892
150 660
706 1146
67 903
250 1521
131 820
304 903
282 1187
309 1206
371 1559
4 4
22 377
698 62
67 1024
209 337
29 849
700 333
261 560
636 1259
602 913
258 1067
21 1231
42 315
41 832
25 539
680 256
484 1546
369 838
2 795
734 1059
84 451
572 1071
355 1460
321 254
764 402
175 1525
20 121
52 360
368 623
371 1004
761 1461
401 1288
505 1389
126 1166
727 1413
425 41
68 1324
185 550
609 808
204 518
426 1543
479 879
645 339
36 484
69 1338
440 878
174 1033
314 1382
267 1197
515 781
353 1534
427 1582
757 832
245 1519
52 52
191 154
149 1123
681 1240
444 1165
543 703
519 1508
522 1184
304 430
751 1220
120 760
272 818
30 1305
573 1410
2 1077
416 1502
454 864
616 221
562 549
449 1243
209 1019
747 115
687 477
177 1470
658 552
341 697
86 383
531 431
539 1147
320 1415
574 1092
126 710
347 1393
280 246
184 621
512 410
677 873
782 1503
534 123
403 1110
282 969
124 660
445 829
523 242
279 1168
623 671
286 1008
152 786
661 1077
287 247
12 1153
470 1022
94 926
464 522
53 408
767 553
585 1539
614 553
137 1211
770 361
561 1532
294 292
29 1126
722 124
142 1327
728 1160
334 167
793 254
723 509
537 1103
324 557
433 1272
660 814
334 1161
55 1155
697 763
67 1186
405 48
217 682
764 980
169 711
98 387
377 554
570 1279
304 1100
203 409
34 885
567 1040
155 848
415 495
137 1106
333 945
285 1099
250 1554
95 558
784 1553
686 971
305 805
426 1434
136 138
255 10
654 127
674 385
124 207
252 497
452 107
65 985
761 940
162 354
419 1559
788 1519
555 1436
52 1538
194 768
642 1054
687 883
753 738
202 1072
653 652
26 298
446 1564
529 380
784 1537
751 1536
166 345
516 647
217 566
383 1552
460 180
550 106
131 55
28 1439
729 721
166 704
579 113
315 298
56 1126
110 672
437 508
559 1124
273 74
501 709
279 759
135 680
235 641
743 978
754 93
396 1478
160 1481
179 688
408 840
448 1378
565 1448
385 616
421 116
789 981
579 631
310 646
516 1445
233 792
726 731
24 1045
596 845
263 257
84 716
357 1304
97 771
569 1006
28 1572
85 1336
278 412
131 1177
209 174
233 567
416 1091
305 879
466 691
23 767
239 767
420 452
218 608
12 112
378 157
122 533
178 897
332 492
582 517
785 1219
65 1168
505 1132
214 901
573 1331
621 1242
281 1142
678 1314
620 746
413 708
139 1089
538 837
783 473
440 314
279 742
585 441
104 876
720 1582
341 490
747 932
747 467
308 1382
779 686
616 256
215 470
115 550
252 621
92 314
