291 532
552 409
700 816
552 429
125 637
245 1167
520 605
190 681
675 1222
416 1527
630 1106
409 1529
433 1015
239 465
732 1168
138 833
142 645
670 7
390 782
91 847
456 1195
39 108
507 853
124 253
79 468
295 175
676 1051
610 1572
30 361
361 318
611 1194
164 677
403 265
320 974
56 1346
262 287
520 1039
730 1496
57 1352
5 955
364 549
230 1273
512 635
617 428
748 408
139 650
586 836
415 1121
293 1527
576 1421
332 76
544 72
212 1489
282 1312
230 676
321 526
109 46
266 1132
181 643
250 1564
717 741
597 187
355 573
686 11
7 1109
260 439
74 573
184 96
698 812
286 18
406 1043
147 1304
403 163
267 498
703 1559
270 748
772 1309
385 22
747 1529
174 1587
345 548
329 362
291 1424
713 546
342 432
395 471
404 1373
236 372
376 218
772 554
525 523
408 912
20 1316
664 1396
669 396
141 767
5 224
6 1573
604 1187
625 1106
221 1062
96 1276
407 1288
413 655
330 30
98 577
667 924
119 1461
233 70
103 1071
655 1163
567 498
801 1412
225 1552
219 1213
488 524
281 900
675 750
499 402
393 185
325 686
692 239
250 861
638 630
59 1582
465 276
123 1077
285 939
443 325
337 495
742 329
532 420
102 645
491 101
181 1389
764 681
599 77
559 1140
286 1383
216 1587
730 198
456 389
515 460
307 1021
452 239
506 1432
384 534
627 1184
629 350
505 824
593 799
786 1400
581 336
628 139
283 1293
105 222
635 657
151 547
647 178
636 1110
9 746
351 1450
469 1512
736 984
605 151
787 731
551 1287
194 239
375 209
297 1128
793 1351
5 1292
665 921
60 1276
761 1003
360 74
401 1156
256 1304
771 1395
700 1393
426 960
397 338
482 107
366 477
477 990
65 64
83 1487
506 607
755 795
608 190
238 1432
297 368
57 413
439 725
247 991
615 1004
188 301
9 944
636 1207
594 593
11 345
548 1210
667 1357
75 1335
652 184
248 151
89 1411
137 346
440 670
102 918
283 1263
734 1052
541 368
689 1186
775 1380
635 1478
239 877
615 407
112 718
785 538
520 838
529 1496
316 209
409 1219
51 28
479 601
407 1314
631 537
221 230
757 984
596 269
244 1574
581 724
138 719
235 1217
531 1517
198 794
703 344
496 1266
150 111
376 751
552 1099
148 722
711 657
94 1391
186 1212
499 936
535 340
45 1410
73 1586
41 459
242 302
439 1265
256 338
318 1362
55 1238
456 661
224 1006
472 558
109 259
326 377
179 206
64 1492
147 780
664 435
532 383
574 106
161 1374
149 995
61 367
527 529
68 208
705 1089
10 449
769 1125
44 1234
461 1362
670 337
672 310
130 824
715 289
523 356
711 1344
780 320
429 253
575 1350
463 1524
770 743
721 1049
26 528
768 1594
664 471
