284 65
67 140
186 331
210 488
12 434
123 324
137 72
164 233
48 199
122 430
37 329
66 22
147 321
82 381
21 43
176 307
26 89
116 241
27 63
31 135
36 369
107 217
251 158
51 188
152 299
204 38
180 268
25 453
173 203
105 118
208 193
54 461
74 250
255 63
220 381
90 56
126 385
39 302
175 418
197 412
129 193
98 347
87 288
41 230
114 346
52 405
223 196
157 403
204 112
217 32
225 178
84 103
231 453
255 178
27 424
13 224
63 200
105 123
189 158
98 45
27 423
226 422
203 378
147 349
105 263
254 23
165 464
95 501
126 24
200 148
28 294
177 452
235 489
14 289
171 266
123 456
47 195
25 54
77 13
163 326
172 374
48 292
227 322
49 325
66 265
93 289
251 277
73 366
190 45
174 344
33 224
144 372
103 91
196 104
89 373
49 73
247 147
179 491
97 432
118 145
105 45
124 414
33 359
251 30
114 349
202 371
247 74
16 112
133 150
26 15
3 42
164 151
247 103
68 34
181 31
84 60
199 239
207 38
95 116
17 357
78 345
180 478
219 29
238 212
201 397
113 377
46 397
113 123
230 285
65 340
213 292
165 176
78 241
3 136
39 168
48 460
246 424
146 104
233 230
122 313
17 484
161 190
124 376
40 414
6 77
89 399
217 421
119 138
123 110
164 384
38 185
165 222
53 251
66 195
3 477
175 489
79 510
66 289
3 461
232 3
134 48
146 176
200 454
188 147
16 210
229 201
15 395
161 327
53 247
224 338
248 220
213 269
183 238
215 28
178 307
118 111
155 265
217 252
243 431
84 74
32 441
50 263
212 154
70 358
72 367
13 246
242 86
14 480
210 173
140 274
108 148
168 183
115 194
141 295
169 507
146 150
176 45
44 37
86 214
27 354
82 360
119 142
83 457
198 348
51 127
205 283
207 51
132 289
75 326
49 380
93 462
24 441
50 239
150 199
236 482
188 205
162 378
199 41
197 411
9 303
16 368
106 421
116 178
103 320
39 381
19 25
73 362
46 335
56 186
196 210
121 28
194 278
185 291
130 361
198 475
107 361
42 283
223 29
211 396
244 90
47 457
58 504
43 362
215 448
127 182
219 293
234 353
221 464
233 297
43 146
230 431
28 352
247 477
12 78
27 256
158 121
192 97
28 367
90 277
39 87
41 152
8 257
229 441
93 110
149 19
96 278
168 265
162 202
84 381
193 232
59 214
6 201
180 227
158 237
33 478
196 349
91 475
198 187
45 48
148 389
207 176
111 242
81 232
216 283
231 9
