286 829
243 1067
178 1246
391 1172
564 7
494 539
267 238
184 1368
793 1313
555 1628
381 497
299 699
376 1570
341 884
825 42
620 511
177 1508
238 561
595 1435
294 1208
776 890
434 9
516 792
685 1432
462 769
337 599
829 175
587 1224
620 754
86 366
763 858
128 811
84 112
658 1079
30 304
152 704
754 1290
488 1077
40 1392
741 1634
142 1343
777 1089
140 714
498 1551
390 1446
745 868
262 261
566 413
350 190
49 1307
21 993
641 1251
204 1488
451 662
777 115
328 430
58 1045
839 1484
634 392
302 671
156 1396
580 1516
563 90
24 1310
388 852
381 1216
795 1573
128 525
438 1297
830 711
29 995
10 426
499 40
127 1106
156 1399
278 269
485 340
728 1357
541 757
237 1057
660 1579
128 665
580 1283
845 1480
457 490
25 1567
761 669
664 858
456 1431
292 1541
50 330
435 762
357 840
156 537
239 1489
728 961
172 933
4 967
742 1170
706 472
468 1625
117 1215
422 465
583 181
804 1168
159 1474
3 1041
496 1312
196 421
490 452
55 56
70 287
723 1673
674 1037
378 492
591 455
682 621
424 766
480 969
335 28
642 1143
325 1216
831 390
343 1142
31 465
676 444
344 199
136 226
139 1552
445 1198
181 1250
118 935
599 946
15 1500
377 784
812 1294
741 139
659 740
255 395
347 189
753 1479
400 3
539 441
450 1488
635 1061
273 1050
318 768
722 1305
729 279
749 1052
795 940
279 77
187 1024
276 836
524 740
377 1601
773 1041
205 1628
758 1113
731 1033
644 1599
844 1039
436 881
263 818
486 852
226 646
570 736
300 1340
672 1278
183 1689
754 1309
173 64
109 55
89 1570
656 428
280 459
791 273
212 911
645 146
589 455
510 181
529 492
776 1316
748 117
264 467
104 1051
232 808
121 1041
162 1395
406 1141
82 1102
48 527
164 269
100 627
349 1108
75 16
466 711
834 474
332 1527
603 215
829 1304
688 897
91 1174
468 641
821 1037
338 133
297 133
237 1668
818 1465
196 671
663 1107
488 138
619 456
638 975
238 1337
819 1601
705 1362
516 842
791 103
220 1037
480 1694
321 122
598 1431
246 956
104 1533
478 290
46 363
742 1463
385 296
834 1337
636 11
653 885
58 1511
65 1619
609 570
614 1222
47 889
149 421
297 475
409 998
727 74
181 1201
724 444
528 1024
17 1464
711 1228
814 378
207 1219
623 790
705 1153
769 948
594 1551
311 730
162 828
735 1612
809 1289
675 1454
670 685
177 272
142 666
85 1486
297 487
483 595
349 1143
234 730
151 408
829 922
288 538
638 888
83 720
97 35
277 291
221 1071
633 1345
21 409
683 66
707 1245
720 625
690 168
817 1410
124 88
333 970
663 855
61 128
442 1148
231 386
536 292
