299 656
138 1684
315 216
893 1505
848 1350
60 697
102 1737
102 375
829 945
806 889
600 158
485 460
69 920
593 551
40 983
348 90
679 1716
865 339
1 978
99 801
384 833
538 1326
704 642
80 931
197 538
297 1053
234 1242
468 374
667 599
80 637
539 1405
190 1070
133 1083
651 1446
545 739
720 790
14 774
369 811
498 486
92 1503
405 1741
159 1198
328 223
576 1026
71 1434
563 510
92 365
240 449
512 1057
818 762
648 275
515 318
56 231
641 1413
24 1249
328 770
404 404
369 1288
642 1323
638 342
831 1315
857 660
628 1042
668 1597
556 215
466 1275
260 951
621 684
667 1101
88 1056
546 300
789 442
572 1560
388 201
235 18
300 1532
643 488
880 1763
771 167
666 192
868 1561
738 150
313 878
778 763
262 80
454 1645
847 645
659 1583
591 87
393 754
604 1712
329 102
19 1476
327 678
719 701
552 496
716 1221
623 665
713 517
190 1705
773 559
301 671
425 381
383 1421
147 1215
618 96
220 508
726 608
375 1144
831 973
199 1201
693 1656
168 92
761 1232
647 1125
35 63
822 877
274 1085
244 1304
399 249
303 1473
582 1065
866 1603
596 1056
361 186
579 579
760 752
722 1186
689 1374
621 1041
670 1279
108 1632
349 1278
95 228
398 1384
403 1332
748 998
360 677
633 1699
400 883
548 901
240 1005
474 1523
40 1709
293 358
37 463
246 342
68 735
656 470
390 37
838 733
809 657
95 295
96 1572
355 1447
502 1619
663 1017
688 962
40 718
322 540
514 1539
405 358
403 1707
428 1701
861 738
818 30
274 768
295 848
235 603
649 976
92 1297
863 1411
750 480
625 849
624 1602
87 582
610 880
46 341
736 1676
587 902
294 430
886 216
68 1429
799 1548
313 935
567 499
454 447
145 844
77 1568
724 685
348 1553
591 335
560 938
581 1142
680 260
499 456
307 884
747 671
254 775
451 1375
232 1247
15 896
415 1685
68 198
18 1174
518 1464
564 741
438 606
607 321
52 1517
41 432
603 253
805 1240
702 320
95 1436
163 63
689 1761
798 310
650 1069
260 381
484 291
346 891
67 1693
86 352
566 359
108 282
392 851
50 170
658 1618
666 366
467 1466
743 957
718 1621
188 1277
166 121
163 1484
667 1596
603 726
437 575
730 588
325 111
503 690
768 1229
691 1678
144 627
214 1519
612 71
833 1103
331 939
879 506
535 684
262 847
298 1536
330 1003
332 474
39 1565
527 829
650 1638
745 184
55 1438
385 569
888 1349
328 299
495 971
557 503
474 534
849 561
282 1782
139 427
171 1614
822 893
219 1555
713 1470
801 1142
398 78
428 188
485 439
120 837
229 1695
569 318
868 1525
109 1065
153 1569
307 834
398 796
699 1362
153 29
640 528
418 14
406 1512
740 1705
439 1051
207 1466
709 1763
23 1676
388 558
591 824
382 5
493 220
880 456
