296 125
83 92
37 899
247 448
486 1102
461 165
337 520
353 398
39 979
453 773
159 15
417 336
3 387
466 892
400 309
9 1049
261 943
470 45
391 434
256 913
536 259
464 603
263 652
191 915
246 999
184 847
205 478
191 240
129 142
570 736
398 872
335 337
259 436
524 12
73 430
52 379
368 924
253 519
474 786
4 603
237 589
347 434
297 88
169 645
480 886
258 919
556 470
49 1050
473 878
483 1029
476 606
298 364
129 371
57 658
23 108
533 151
206 1129
175 617
208 702
7 168
83 794
395 843
298 221
512 197
348 52
120 916
259 943
45 439
582 1172
132 609
154 310
536 972
360 733
384 834
281 102
150 864
61 813
405 1036
89 356
496 661
100 398
533 190
439 162
572 531
309 454
563 384
218 1008
90 1088
340 278
459 827
530 774
218 19
246 729
8 917
157 18
477 658
34 949
8 280
318 844
170 1130
391 1010
344 781
546 1098
482 711
270 657
561 1036
344 591
418 514
555 966
88 547
498 13
380 1051
308 324
359 1154
305 939
319 1119
192 608
274 1148
237 454
412 587
334 14
223 171
175 726
425 530
121 314
515 61
463 372
192 1006
44 184
459 1050
252 179
237 645
329 71
446 796
312 47
385 548
205 648
507 1069
529 483
468 385
300 529
468 333
11 609
115 1089
85 730
250 1036
13 311
159 417
394 979
198 1168
406 439
255 441
5 1132
578 945
353 226
357 1100
334 623
150 43
451 208
576 232
531 390
155 514
482 428
68 1105
274 76
341 228
529 1078
98 1092
45 784
145 554
43 655
411 1089
85 666
125 489
144 562
333 458
87 304
113 1167
261 201
478 299
367 130
377 1133
550 158
404 893
217 216
58 704
163 156
483 1005
167 90
247 212
125 186
390 61
277 284
298 114
323 671
36 115
282 467
323 949
291 466
72 927
14 943
574 306
329 547
19 522
356 617
76 106
454 1127
512 380
176 362
366 339
204 184
1 899
481 347
449 214
369 824
433 139
253 1050
365 57
424 754
152 1126
76 271
232 539
126 491
29 859
261 795
94 847
100 123
150 995
37 494
51 465
507 558
539 368
175 941
184 427
191 1125
224 265
7 496
21 1
219 432
120 795
204 31
246 952
342 808
511 689
163 20
325 981
253 687
570 1104
145 724
333 921
285 356
320 237
299 1012
288 239
213 383
320 915
232 936
521 175
93 401
91 826
581 166
477 339
81 493
203 447
152 1095
154 433
463 605
313 145
194 899
170 995
523 357
139 855
23 166
433 730
555 810
352 564
372 124
214 462
306 1058
326 330
577 140
163 487
475 829
57 142
227 561
46 291
23 972
243 665
271 532
51 143
382 468
383 979
485 552
26 418
518 877
148 412
563 794
