295 268
510 592
9 1189
486 802
55 1069
85 75
87 1244
515 957
17 101
14 393
273 427
409 699
324 628
497 1219
90 891
549 809
407 1010
250 400
489 1126
433 766
114 176
99 74
103 775
344 952
196 803
251 269
261 1037
5 139
253 785
93 484
340 862
531 62
594 1167
497 680
104 1158
480 164
287 1183
41 1240
495 989
346 670
350 738
563 816
345 1029
580 545
482 635
111 913
598 1066
602 1181
446 524
308 251
523 687
537 320
164 259
121 286
535 765
568 484
568 83
237 1192
169 633
549 38
168 9
116 1085
273 40
110 129
224 167
576 849
347 739
376 1161
303 702
14 762
77 398
6 658
523 859
57 1104
330 769
604 1013
257 1060
341 691
410 1137
21 1027
197 810
114 545
53 234
147 333
192 264
405 349
532 798
144 102
166 105
160 1001
392 481
605 226
37 1162
53 665
142 251
346 956
207 1156
592 729
445 1092
159 453
162 116
318 727
261 567
376 415
79 768
46 614
272 1128
470 687
59 560
515 116
429 231
272 156
192 801
418 112
66 268
402 1028
622 179
366 1123
70 847
112 1161
360 668
620 858
526 326
561 179
139 611
425 517
31 633
43 1131
412 465
345 106
190 1238
556 253
278 316
83 984
255 279
77 922
45 1174
510 37
604 1000
28 868
200 1237
141 892
394 1078
463 583
482 140
209 924
127 734
82 36
328 166
457 977
460 84
422 1004
519 1238
510 634
268 339
217 902
33 1061
147 835
265 888
172 696
337 73
116 979
363 375
188 630
101 221
514 94
92 623
123 641
438 144
128 60
517 1073
384 785
301 931
590 994
226 43
192 1049
171 1247
100 723
447 236
322 443
586 897
325 415
481 25
547 1239
179 458
418 141
62 261
468 92
217 615
622 1010
469 1009
181 655
86 75
588 777
69 1092
167 427
420 236
54 59
541 783
124 990
528 141
619 603
279 593
457 871
558 1116
183 745
12 385
315 150
578 1126
440 1196
519 576
163 1074
606 776
29 1091
570 31
344 400
602 677
370 473
488 446
154 1145
514 102
123 540
475 435
462 845
585 936
85 750
603 608
468 94
280 298
25 307
25 589
103 642
507 521
298 1169
78 464
522 711
448 107
202 446
32 148
267 27
396 766
441 893
73 181
602 1196
523 772
491 717
157 668
314 2
72 267
75 1196
215 506
360 338
63 332
623 505
606 768
201 1090
74 19
459 299
589 632
44 433
328 132
563 1182
609 510
327 360
389 758
191 378
379 825
624 906
461 1158
609 584
281 86
68 993
488 377
117 1201
493 264
259 709
55 770
57 268
608 222
472 675
531 550
544 89
344 957
584 1182
599 517
294 34
424 483
155 294
75 1006
513 598
292 396
178 453
202 56
100 284
409 823
381 434
