300 201
106 944
578 1594
633 755
378 714
358 1651
48 1375
532 1417
789 386
97 1516
135 1403
544 1200
216 338
349 991
647 231
495 1456
541 424
245 1490
447 826
756 1014
248 221
568 144
737 447
710 1023
469 1653
121 242
280 1085
67 247
69 611
469 388
18 1500
71 131
606 239
193 734
795 357
125 1275
319 1628
111 1257
793 1269
795 394
196 1340
298 1076
403 1561
77 162
57 819
509 1297
722 506
322 494
609 756
335 103
417 136
344 1421
214 1553
551 1419
431 284
277 1490
85 845
351 229
499 1214
472 1577
624 50
522 564
507 1654
672 601
35 1326
745 914
595 1362
124 1310
794 974
243 1409
725 881
147 172
729 563
580 1026
355 381
183 120
495 1647
445 1431
799 1536
201 1120
241 876
420 1124
216 469
526 939
329 1274
505 611
338 153
522 374
321 861
524 1616
570 990
179 1057
532 1513
215 408
155 440
8 802
573 1288
512 1631
819 466
660 974
239 1234
498 297
346 987
564 11
624 774
536 345
791 1632
450 1425
61 980
425 1149
687 435
749 75
232 1541
164 618
504 967
56 501
344 1255
289 534
295 746
783 232
605 593
542 850
490 963
389 1103
590 829
448 108
670 28
371 553
263 800
573 1510
788 400
324 578
665 1456
803 124
770 679
659 19
690 838
590 1628
643 901
718 1629
212 1301
201 797
17 1350
103 662
736 1425
371 537
13 1386
713 1344
449 1069
589 1175
407 345
646 1217
463 785
485 1539
237 547
478 1448
496 1332
203 423
509 1067
446 1022
694 173
721 1631
44 1162
754 1223
823 1152
563 539
33 678
212 374
762 560
486 427
189 229
245 537
199 235
644 1102
52 555
598 625
550 1339
645 1154
714 1233
675 139
97 1616
560 559
692 1214
408 489
734 1243
102 1500
747 1457
792 1386
747 1525
304 236
71 582
107 1252
769 1007
566 327
248 112
403 502
544 1565
425 989
744 1617
134 1119
801 1257
654 1556
277 465
42 368
6 454
551 562
647 487
618 400
390 1070
654 734
700 887
765 1255
158 547
26 60
187 846
144 746
321 653
290 996
340 620
129 806
326 1263
121 1017
547 175
517 271
526 1426
698 1037
234 1541
697 615
594 420
237 132
47 573
571 222
55 1493
696 760
313 1601
807 734
74 1275
24 689
364 660
825 190
605 1005
44 1347
759 258
540 326
465 1435
281 628
795 327
150 1359
88 1279
255 286
466 494
671 1617
253 1382
652 1587
600 404
664 1459
46 1026
642 1436
687 763
539 1356
28 192
116 1536
211 1486
29 717
293 56
393 36
79 12
638 683
255 868
418 1429
462 1280
232 1130
472 838
662 1164
170 354
800 501
105 1393
97 1272
436 977
487 1072
105 1108
205 192
819 545
729 1233
549 123
540 855
750 188
692 920
647 538
532 182
70 37
755 326
685 742
512 1650
541 390
536 1002
554 30
461 28
426 189
376 1297
42 929
