294 308
201 279
358 291
308 787
132 24
101 341
205 251
42 374
78 443
203 518
56 239
412 232
112 351
137 159
38 220
85 52
297 603
333 1
348 669
7 806
242 119
238 720
38 221
77 225
309 132
307 694
68 329
315 94
246 736
89 672
39 225
354 836
257 40
254 583
215 342
205 778
178 673
15 186
194 351
151 7
28 638
57 523
323 58
102 51
182 631
151 283
332 438
277 8
148 107
273 53
277 812
408 744
49 718
218 43
265 422
323 639
115 38
87 126
127 834
324 708
389 136
183 188
343 510
165 128
367 184
126 339
219 143
86 349
409 423
155 711
182 47
281 821
409 441
154 378
364 467
5 408
66 248
295 618
6 318
121 4
45 335
90 321
81 750
213 361
61 673
157 175
78 784
206 322
296 646
291 164
145 626
382 470
219 824
303 37
345 777
258 192
257 642
385 193
26 217
116 709
196 33
112 671
414 579
317 786
156 344
394 583
94 783
262 94
75 611
259 254
76 155
282 283
228 120
112 609
132 188
388 414
349 607
232 551
162 591
211 238
356 720
197 831
370 260
245 91
336 476
249 307
188 664
311 765
367 638
363 799
129 379
55 225
64 356
304 165
55 78
36 794
35 700
144 111
50 170
123 665
417 185
418 422
100 90
112 602
275 120
387 222
312 298
258 786
26 196
162 342
324 669
319 618
387 214
81 8
266 732
301 615
396 751
22 573
350 92
337 834
53 651
118 211
174 297
318 493
283 693
313 256
223 135
312 250
2 768
233 432
252 349
357 227
385 354
217 679
234 581
43 549
331 152
193 797
30 234
229 96
326 754
112 2
300 388
5 334
223 162
220 138
42 307
408 394
249 437
163 831
389 561
402 215
386 426
93 26
216 53
374 238
58 321
413 171
296 708
185 174
289 575
4 193
305 234
176 506
375 745
398 249
73 770
109 214
52 49
230 841
374 201
228 283
118 104
1 496
257 338
67 798
211 618
371 526
190 69
168 257
363 332
9 202
403 715
212 453
144 372
152 288
315 257
264 784
155 381
280 366
350 211
48 668
318 31
59 689
113 100
226 430
104 307
333 123
187 653
187 68
378 480
21 347
212 155
99 275
14 824
131 56
110 407
244 207
192 486
338 748
145 145
6 166
324 711
318 289
187 354
71 573
413 327
12 487
270 693
42 182
320 284
218 57
214 116
136 412
296 468
135 394
372 702
312 819
89 273
21 836
60 4
351 508
387 628
4 603
349 227
164 796
211 710
405 234
386 599
73 249
235 98
229 406
355 822
392 141
341 63
13 124
219 574
122 341
397 660
85 286
76 799
236 152
362 165
63 525
77 777
