297 128
359 835
91 726
62 164
194 709
465 945
302 210
158 243
190 461
58 560
95 696
214 935
122 672
312 597
344 779
183 679
99 343
398 573
190 928
115 417
194 324
102 1039
511 916
461 442
81 73
64 386
328 13
55 579
273 452
307 410
125 640
285 997
36 480
277 974
298 957
313 852
372 659
336 735
417 698
403 473
136 1010
328 659
215 1007
107 412
300 298
297 25
367 330
492 396
341 487
269 93
150 806
132 438
127 155
447 484
172 904
112 274
164 738
286 190
518 232
334 443
223 332
298 323
11 957
480 770
95 33
28 69
7 183
393 965
308 96
232 356
104 772
127 788
420 917
41 810
115 1024
240 810
224 327
412 251
513 720
13 49
98 460
25 1008
484 392
143 250
155 584
445 528
290 204
278 359
309 651
11 330
72 992
129 538
511 105
17 253
217 420
90 223
179 323
340 848
408 742
325 520
347 31
27 395
188 761
54 350
283 863
134 658
239 78
329 20
247 56
189 897
443 207
200 206
151 830
288 656
334 600
3 8
282 893
173 671
500 430
495 35
424 1042
105 143
432 193
404 840
440 217
125 267
134 183
102 879
172 164
486 614
333 941
257 719
345 602
395 467
32 862
30 232
287 330
424 748
170 480
230 892
406 842
226 71
80 489
49 735
53 291
457 879
375 2
256 458
515 269
363 921
513 136
380 392
144 249
301 247
302 557
45 512
202 489
488 648
149 983
40 502
510 889
302 446
445 107
200 826
175 149
492 981
152 286
213 60
67 953
109 394
57 378
50 801
230 399
158 1006
206 849
292 990
64 461
242 385
275 336
486 621
516 114
523 317
508 876
149 975
157 217
362 449
472 1036
187 352
190 335
393 933
484 166
461 337
59 371
483 263
132 958
365 999
265 108
133 751
330 967
523 510
269 158
333 227
325 850
346 53
82 249
397 329
389 1026
476 110
473 897
128 305
125 537
399 879
390 1041
185 96
118 185
132 490
153 473
18 800
392 315
186 154
325 769
372 814
79 104
228 127
484 896
209 844
401 819
393 489
363 739
478 559
185 299
1 324
198 275
472 936
157 378
202 663
520 1017
219 888
95 449
323 345
455 680
516 71
331 73
432 679
35 43
368 846
110 961
361 308
276 559
394 96
439 285
228 588
50 224
460 792
12 1012
218 827
231 342
308 40
234 11
494 181
160 339
184 835
236 947
282 850
414 398
409 608
163 250
158 872
259 1013
393 1034
158 846
247 676
203 198
492 574
500 659
435 649
474 286
93 617
388 535
462 699
513 883
158 130
237 309
64 491
50 392
237 268
243 1021
441 888
361 469
298 507
398 620
266 476
358 732
28 908
27 922
141 591
385 157
222 328
