298 441
202 1281
286 1067
639 1148
395 241
108 1314
43 753
241 444
83 172
467 835
573 1074
336 1206
393 564
622 55
179 1338
588 492
393 1113
51 319
101 1369
469 1374
527 759
571 102
474 1075
366 906
183 230
437 1129
644 538
196 1095
142 884
640 1234
285 219
140 403
375 1316
334 724
269 1319
92 1127
457 54
340 289
424 144
92 749
109 1161
505 294
569 1324
550 1341
162 1056
11 285
519 1169
443 621
327 44
42 1310
220 110
575 841
618 652
380 540
575 463
677 422
466 631
363 467
644 737
398 1274
150 1078
536 452
229 768
498 1292
259 406
438 353
168 1416
653 665
293 35
220 1058
256 865
623 1325
473 1253
65 1387
673 189
338 821
468 47
625 234
70 320
496 868
693 224
679 1181
366 661
403 921
250 111
699 91
537 996
141 940
680 932
288 697
4 1081
438 905
184 677
629 992
507 715
219 121
180 726
612 1280
505 1374
234 1413
120 1333
425 728
431 1278
372 991
350 1093
624 232
447 90
232 1168
7 1226
484 752
166 999
575 979
493 651
704 1245
407 16
269 863
27 1010
6 1029
333 827
242 384
63 1095
648 114
587 1327
68 968
390 369
253 1006
153 844
318 773
537 703
127 378
38 827
33 1323
555 806
504 716
172 565
190 879
295 142
173 498
100 324
646 879
284 331
96 189
360 264
445 724
341 1309
614 966
225 1283
587 1400
141 403
3 673
395 667
587 1258
581 791
381 599
194 109
72 443
536 1004
292 354
624 361
423 788
97 358
673 709
372 835
449 832
261 199
621 973
298 1408
657 210
497 305
512 1116
572 1190
627 949
599 791
482 538
438 99
426 1191
210 1073
633 7
609 619
564 167
674 296
637 213
246 733
101 1036
535 24
323 1069
453 455
26 1048
33 814
464 184
112 635
99 64
228 1091
299 23
369 445
530 1144
580 851
653 754
247 1047
697 194
203 442
75 656
258 24
142 510
202 22
583 698
75 315
57 259
633 1339
194 1232
405 496
528 1156
238 1410
40 154
689 260
601 262
1 430
340 532
680 1039
662 821
708 173
29 53
700 726
345 1054
272 560
377 488
541 1109
674 1323
524 189
77 1264
558 1357
490 1314
670 1297
92 1419
461 1097
443 681
669 1022
348 1091
123 448
331 706
474 1302
533 978
34 350
351 380
374 1046
165 441
111 1243
305 444
594 433
541 518
404 56
504 615
212 1268
388 513
102 1107
441 358
129 1352
282 369
136 1373
312 1023
617 295
410 987
30 1321
656 689
226 430
248 46
174 1314
617 1214
103 997
635 316
424 681
32 786
161 394
637 1023
641 1271
123 1294
660 356
444 1383
272 890
547 1177
602 829
579 699
288 1140
589 866
201 805
102 232
497 69
177 1173
472 1051
359 722
19 702
103 343
382 1197
376 881
543 822
453 222
535 917
433 560
419 335
