67 117
112 224
34 141
66 377
154 306
138 182
117 185
27 238
166 297
56 217
11 10
57 57
156 27
155 187
130 24
181 135
81 353
78 38
180 90
99 286
162 312
152 350
129 227
183 277
168 192
177 140
8 255
63 202
181 51
159 54
81 166
121 307
164 348
50 308
164 188
136 380
144 269
19 177
13 367
170 26
10 210
6 68
90 114
95 203
43 301
84 375
143 286
101 173
65 251
61 325
149 264
3 147
165 124
145 337
106 66
181 349
126 164
116 83
163 192
66 178
152 207
136 119
88 362
154 145
168 221
142 15
50 289
113 118
