70 139
139 148
97 46
46 224
69 279
146 195
20 105
48 131
101 166
58 204
148 132
152 128
11 291
149 169
138 82
84 156
119 306
21 280
28 89
8 162
37 86
111 164
28 292
109 283
94 241
145 321
84 222
69 121
82 201
77 224
36 139
64 194
139 29
114 130
157 312
88 236
95 209
148 231
137 270
59 100
6 107
29 320
151 269
74 283
113 48
93 79
46 314
160 229
135 101
159 252
134 88
90 228
19 33
140 247
101 289
95 227
51 218
9 222
146 102
39 66
2 67
23 72
52 129
55 6
129 305
72 155
1 133
127 226
16 311
1 90
139 160
