71 115
115 330
182 274
115 327
113 36
100 51
156 51
149 290
173 322
81 119
17 235
9 160
40 44
182 293
187 125
136 110
141 42
76 218
184 160
70 234
77 258
90 44
175 67
137 10
70 220
186 66
113 87
65 302
55 60
65 108
174 129
117 210
66 212
9 276
177 206
192 45
163 342
122 161
120 266
175 121
133 375
74 301
161 367
23 99
93 61
76 19
114 312
154 297
105 319
103 109
89 248
105 153
127 33
39 143
68 281
94 197
80 1
157 249
114 296
117 130
5 183
91 268
140 184
22 380
150 203
27 174
93 368
156 260
24 106
151 87
186 259
167 26
