73 157
121 261
130 145
198 308
173 322
85 107
196 99
73 385
85 220
30 177
81 91
168 262
7 322
175 195
12 258
123 275
179 297
97 339
5 352
143 71
116 57
180 92
32 93
177 77
76 363
23 86
122 116
161 123
36 149
136 341
107 345
69 295
172 193
174 4
29 98
116 311
106 349
58 394
13 302
152 97
103 374
89 232
179 144
181 318
185 298
147 183
20 128
116 139
64 302
196 88
197 338
29 340
53 42
33 38
165 272
157 366
172 170
127 313
7 212
139 98
44 246
195 23
103 223
85 183
167 280
169 3
124 382
197 95
69 386
138 363
75 294
21 150
150 294
65 309
