75 55
145 175
130 227
88 207
136 302
53 142
23 177
164 87
121 73
97 91
95 293
79 288
62 330
77 291
92 98
79 51
17 176
121 321
149 177
111 218
108 158
127 132
116 249
65 158
88 198
112 25
7 139
130 46
151 25
66 241
21 145
7 15
57 26
123 185
118 261
77 141
84 247
10 55
58 318
82 228
111 200
85 50
20 137
73 301
118 99
9 17
74 315
120 200
51 102
65 211
55 240
53 101
8 214
154 173
19 261
30 213
114 186
117 63
83 151
151 311
101 188
95 246
75 93
115 288
15 123
70 184
150 327
82 13
105 177
101 263
106 279
71 123
48 183
87 170
104 25
21 227
