76 46
37 45
89 216
50 10
8 53
66 109
83 120
20 158
9 63
122 3
92 37
88 245
5 15
97 105
66 97
126 85
49 267
5 89
37 70
85 155
44 119
14 219
51 233
41 77
98 3
77 264
110 89
49 108
74 128
67 8
118 154
34 15
134 262
92 162
83 158
75 173
42 125
78 243
14 193
54 267
116 267
91 138
106 200
101 210
98 37
86 47
31 237
67 205
113 254
67 227
126 105
97 265
31 56
133 53
21 15
19 215
102 187
36 190
46 203
87 75
69 80
19 222
21 182
93 201
102 251
76 28
84 123
103 80
93 132
13 144
126 88
76 11
100 260
39 212
45 148
110 139
10 198
