77 108
61 312
128 157
136 36
20 295
94 291
147 264
81 193
139 163
144 150
89 237
59 129
2 36
13 102
84 75
83 198
108 193
148 231
94 153
120 128
37 39
17 267
3 239
7 273
86 65
66 65
110 161
127 162
109 77
152 73
127 136
113 308
110 39
78 20
66 130
108 164
25 32
101 59
93 21
116 158
118 300
46 98
70 263
144 200
149 189
144 293
142 80
13 47
23 279
100 39
112 207
59 236
81 95
75 205
51 144
103 32
43 188
87 308
62 139
148 101
72 4
140 272
64 227
53 209
131 71
57 196
65 260
89 11
11 246
55 131
70 181
1 196
48 205
56 92
62 28
109 234
76 240
68 273
