78 89
62 60
31 196
28 205
83 176
69 46
98 40
70 118
44 140
67 155
76 199
63 113
99 86
21 129
5 135
96 41
63 107
96 54
4 92
65 130
19 192
11 79
37 165
16 140
44 131
26 74
61 206
43 13
62 196
63 35
91 17
68 137
102 178
45 201
1 159
9 57
69 113
89 89
95 61
27 134
90 160
71 146
70 129
96 29
42 164
45 159
79 44
27 52
64 125
51 46
94 56
62 187
89 170
62 69
32 188
8 44
3 187
91 176
55 154
44 24
4 182
31 36
83 91
89 111
2 207
89 32
80 14
81 188
84 141
28 124
5 193
72 48
99 198
50 109
6 68
3 199
63 165
71 186
25 186
