79 202
144 24
30 223
176 277
102 309
2 290
107 285
16 160
12 94
76 166
109 304
166 311
44 74
183 331
177 165
109 31
21 181
164 144
168 299
14 267
111 105
183 357
103 40
160 153
107 212
98 337
43 359
133 27
168 320
30 205
9 2
19 278
188 191
83 40
161 278
198 292
97 218
199 196
18 157
202 217
33 321
85 97
70 142
31 122
125 190
88 10
35 218
80 371
57 288
192 18
189 373
63 123
172 177
156 3
10 185
115 179
61 340
198 162
7 132
111 166
141 114
60 6
24 381
108 78
184 373
168 235
63 102
184 132
202 109
28 276
64 146
10 241
74 200
168 207
205 311
201 148
118 129
34 97
113 152
159 300
