80 74
173 302
216 69
109 173
123 11
167 354
227 157
171 38
193 242
198 456
180 112
8 57
59 266
37 461
39 353
195 46
191 17
214 123
148 225
24 21
100 392
54 123
59 20
195 146
59 341
144 285
214 296
23 37
229 168
83 444
33 402
180 203
49 85
12 379
74 181
44 286
157 435
54 141
1 15
129 410
65 413
51 55
226 187
43 95
26 183
151 260
22 306
63 345
51 24
62 148
127 263
120 68
223 460
60 87
183 196
208 337
109 457
39 413
144 83
159 54
119 455
26 69
172 287
231 350
170 463
36 180
183 20
15 320
13 263
159 110
153 398
179 342
148 268
126 95
203 251
93 171
122 13
102 211
115 149
33 353
3 60
