81 39
114 327
19 92
165 91
191 133
138 307
124 184
217 311
41 406
159 89
54 91
78 140
108 192
132 412
123 69
29 123
177 374
201 400
11 134
202 86
35 47
157 81
125 157
153 205
9 373
167 314
200 56
7 207
48 283
198 124
52 99
184 116
177 392
1 30
82 223
43 286
151 244
213 288
158 291
122 264
104 170
15 349
128 256
202 15
147 388
37 64
174 340
182 302
85 436
110 357
159 368
27 186
163 118
93 351
109 422
157 323
175 393
128 288
57 291
84 346
127 24
35 14
164 199
148 418
77 123
63 75
113 304
217 212
97 46
135 145
120 108
162 210
174 26
58 172
84 230
26 52
106 134
187 400
39 53
123 295
91 333
52 328
