82 150
206 222
33 310
140 134
118 156
109 299
28 152
54 370
153 295
120 93
129 277
194 73
5 432
188 203
203 75
81 28
139 205
125 314
143 167
38 55
109 430
2 259
178 302
54 173
92 281
138 247
97 174
62 22
49 323
80 86
146 304
63 318
138 253
30 37
185 406
120 255
56 425
217 333
175 221
168 45
29 400
92 424
39 16
60 154
61 148
208 133
92 259
41 404
141 169
43 43
111 420
18 275
171 170
182 184
68 190
217 66
198 340
80 207
12 62
154 2
149 241
26 395
199 175
7 231
130 14
26 403
57 39
113 61
126 74
182 47
148 268
102 255
31 399
150 318
13 295
56 116
206 414
149 425
54 368
38 42
178 86
47 370
189 51
