83 20
111 109
112 239
122 96
7 229
125 153
67 171
83 22
2 70
46 51
76 65
88 171
77 234
64 134
44 163
50 78
43 47
66 284
109 17
92 217
65 12
58 119
11 83
68 89
46 41
139 220
109 39
70 98
134 131
42 43
127 147
98 59
83 142
6 150
128 236
20 48
25 171
75 273
9 270
68 135
103 270
38 202
100 74
36 282
90 11
66 52
144 108
1 49
35 215
3 66
123 237
3 115
96 231
2 256
54 251
128 97
112 204
64 239
84 48
57 212
57 85
92 242
32 126
3 230
102 40
16 151
81 201
113 174
40 110
41 220
77 219
55 278
6 215
132 176
75 201
108 199
21 249
88 208
133 60
93 149
134 205
5 142
140 267
80 171
