84 133
76 221
144 10
182 182
3 102
68 305
78 268
96 311
62 386
167 388
38 364
13 123
85 3
9 24
72 318
90 167
43 408
104 144
147 382
1 346
197 54
45 21
100 247
15 309
3 187
75 38
2 65
100 227
19 370
11 343
142 225
120 334
154 175
15 117
192 25
153 246
109 232
147 183
165 174
43 188
146 178
21 46
48 326
42 181
165 389
141 206
88 65
150 384
43 284
195 196
159 161
17 85
99 357
131 301
15 49
15 116
133 60
72 167
110 246
163 279
126 189
128 284
76 261
161 245
121 323
199 209
107 263
115 218
86 317
1 258
201 40
144 155
173 358
9 255
115 358
15 85
89 367
186 141
124 387
39 376
6 119
66 264
153 190
13 297
156 270
