85 130
73 253
85 30
103 104
90 249
132 134
100 151
29 51
150 163
114 179
37 263
143 8
63 65
149 177
132 138
115 80
86 252
96 208
99 175
38 295
150 200
28 177
93 205
91 233
90 286
121 210
144 78
6 265
121 236
11 110
5 246
4 155
49 144
71 217
14 249
55 194
41 252
29 196
91 269
71 258
79 48
120 8
78 32
141 28
30 81
12 228
19 158
128 6
87 227
51 42
150 176
134 269
47 215
112 105
92 206
144 139
112 41
91 281
13 250
49 70
12 299
46 29
18 137
45 267
63 29
46 8
40 139
118 270
34 37
9 263
23 279
130 20
92 236
106 114
77 219
122 253
95 299
61 47
107 121
68 285
95 75
21 267
56 217
78 56
16 210
142 156
