86 122
104 1
101 211
69 21
76 181
14 156
81 72
92 120
13 20
44 267
92 104
2 267
98 62
12 5
113 55
116 69
69 244
29 236
120 17
64 13
23 93
62 64
72 193
24 102
119 7
58 290
113 290
24 247
76 112
54 200
121 240
65 92
144 125
139 54
122 79
19 213
21 290
71 132
142 260
58 105
87 135
73 220
119 258
137 31
123 11
135 240
59 294
134 78
67 261
66 38
96 259
43 243
71 139
121 175
73 184
123 128
141 179
27 48
43 258
142 2
61 8
128 286
14 242
105 223
37 48
28 118
34 11
111 218
140 230
98 33
87 120
120 138
31 276
67 139
11 152
96 2
96 139
120 253
38 155
30 111
111 189
122 59
57 33
132 119
99 293
1 281
56 13
