87 124
31 51
95 255
75 175
149 203
125 307
74 6
136 304
136 92
50 120
120 14
16 228
115 137
167 48
88 332
4 18
160 207
7 255
62 26
86 205
169 219
103 1
54 304
15 347
158 268
33 114
3 152
91 312
94 312
140 336
99 120
126 141
180 184
137 3
47 147
120 90
40 330
117 160
13 47
38 310
41 340
3 77
16 27
42 199
117 306
128 135
177 68
153 326
127 73
78 325
71 364
102 216
18 183
49 97
58 152
177 60
181 192
170 10
66 120
17 11
156 18
28 308
104 170
124 8
138 44
105 141
41 168
171 66
171 295
139 171
20 53
117 162
135 59
147 129
115 146
78 165
145 60
90 260
8 83
105 250
68 84
91 299
152 268
102 131
49 227
76 287
159 123
81 98
