88 62
159 297
188 170
62 411
100 127
83 312
199 329
174 173
165 54
185 338
60 367
180 48
20 97
178 284
125 188
202 44
16 176
76 149
132 154
176 394
192 348
197 290
67 345
157 241
126 354
23 112
124 154
173 254
27 19
105 202
176 20
80 51
88 40
178 349
153 252
206 42
156 118
125 152
131 340
99 194
92 267
188 162
186 229
36 273
170 371
45 405
179 259
196 285
188 341
50 183
198 171
144 1
18 136
107 44
29 21
161 28
4 303
196 387
2 231
7 74
70 367
38 130
57 3
35 57
19 307
131 377
40 181
121 239
68 73
200 242
181 111
23 337
131 413
2 135
15 80
24 164
114 172
135 228
181 115
188 144
22 301
50 255
72 3
160 196
98 216
80 235
73 167
207 406
26 342
