89 64
120 240
131 207
35 262
4 177
24 51
64 39
131 48
80 3
115 128
64 182
104 60
129 224
75 125
65 131
62 250
82 247
85 70
99 30
33 243
31 142
3 268
13 4
82 257
39 228
85 221
68 262
96 2
69 36
109 162
35 241
17 80
44 250
94 42
104 260
118 208
109 158
70 33
21 234
26 208
78 243
82 91
73 16
106 216
120 134
27 107
6 70
71 81
15 255
25 167
16 105
111 73
101 65
105 17
71 183
9 19
111 150
29 225
68 109
21 220
26 259
77 127
125 30
112 157
84 170
106 253
105 217
84 35
64 172
62 192
38 45
38 133
86 42
72 137
83 246
129 71
64 84
24 107
33 33
61 182
9 65
118 207
9 228
112 200
69 78
42 235
116 192
116 8
78 141
74 50
