90 222
226 413
198 533
88 48
18 351
233 339
228 438
204 493
96 169
140 168
242 524
167 383
186 211
2 200
49 98
43 390
96 475
113 157
199 397
97 500
139 130
74 502
101 519
125 485
120 444
204 182
31 409
236 69
30 329
14 65
232 494
63 302
157 384
67 488
162 144
232 32
258 64
208 476
129 447
260 206
200 82
186 304
47 190
117 389
190 282
84 270
13 179
249 474
201 6
19 476
159 412
155 9
193 226
105 492
63 533
104 278
82 214
63 60
11 222
182 515
187 272
91 343
87 512
22 339
216 407
110 68
85 198
102 377
207 303
178 5
151 463
67 25
245 412
201 401
103 154
185 393
204 479
154 228
204 257
190 404
265 503
98 123
48 345
255 525
232 4
260 4
114 97
67 177
90 313
222 150
65 31
