91 99
85 233
196 106
160 125
34 12
119 170
129 114
179 394
67 61
26 190
197 42
192 189
184 370
52 65
10 274
169 302
8 334
108 159
98 132
29 171
171 323
134 74
222 242
84 282
3 164
107 161
22 51
82 232
58 353
74 301
5 315
125 409
150 448
142 340
3 60
1 120
135 184
111 140
168 377
149 449
15 294
7 423
79 66
198 208
147 396
148 86
98 169
101 93
167 126
44 174
220 8
105 229
119 109
49 4
162 1
190 453
73 55
165 397
95 40
117 47
27 373
52 99
208 263
7 36
178 166
177 190
144 162
34 125
23 384
113 444
149 77
159 336
59 322
154 155
126 293
97 349
13 19
78 64
54 207
101 181
99 330
79 440
211 127
192 119
56 137
205 190
159 97
45 24
46 351
212 273
42 212
165 173
