92 47
24 148
38 242
126 229
67 102
81 64
120 5
68 223
114 74
86 126
44 121
42 188
17 168
7 205
98 193
29 181
76 14
118 33
102 51
88 149
76 30
72 12
90 243
114 40
119 145
41 226
43 34
98 32
8 45
74 85
83 58
61 36
113 216
45 102
41 15
112 65
69 45
77 94
37 198
39 24
6 8
114 216
68 234
73 192
72 123
90 40
96 1
124 38
27 174
57 144
72 136
103 175
47 134
122 237
37 223
25 186
106 68
92 189
21 179
38 187
64 17
41 148
15 91
104 127
89 212
96 196
69 102
79 133
76 245
46 189
124 161
24 50
117 200
88 5
35 96
54 76
54 87
34 129
108 112
89 229
102 196
88 115
62 127
73 33
118 196
88 226
11 91
28 7
5 119
71 117
43 146
95 154
47 113
