93 92
212 459
228 405
155 179
66 165
43 471
92 472
96 404
135 167
22 119
137 165
218 150
51 249
136 199
62 445
217 102
98 318
227 241
38 232
198 472
145 318
52 459
47 28
92 371
151 209
190 115
162 380
41 422
31 19
173 330
207 71
10 342
74 267
221 243
115 135
128 341
202 405
99 260
129 379
203 238
202 231
107 235
45 229
233 192
159 152
152 297
29 252
154 249
78 106
189 9
152 28
10 46
203 20
151 437
121 475
151 130
41 364
214 468
207 55
158 139
169 420
110 23
232 314
236 136
61 67
230 252
43 445
51 314
138 284
75 11
114 336
49 354
213 235
35 404
78 368
60 386
159 222
48 210
15 403
90 133
74 165
158 310
14 92
139 396
31 314
43 32
205 183
99 22
167 320
3 168
175 121
48 8
163 64
196 324
