94 106
190 9
142 128
48 8
168 326
83 285
33 236
73 59
7 188
39 33
104 366
21 209
216 25
47 190
221 385
134 337
70 198
85 31
116 271
32 242
19 70
25 161
40 451
166 370
140 233
8 84
149 76
16 59
179 354
212 372
173 312
88 149
161 8
101 67
196 248
156 145
158 306
166 185
162 134
106 19
204 305
97 276
22 412
78 309
156 224
174 427
51 197
97 262
151 90
90 64
183 243
74 19
87 200
2 152
146 96
10 395
213 245
225 170
167 255
18 77
32 331
24 320
75 73
49 239
1 406
67 119
52 371
145 168
127 381
18 381
40 111
13 259
97 46
158 347
93 182
204 265
177 210
170 111
81 15
83 184
70 395
77 107
96 29
82 145
207 105
127 375
202 117
49 166
214 200
170 434
2 319
197 338
162 178
175 226
51 355
