95 6
36 81
48 35
151 39
37 280
174 295
57 104
95 241
43 137
110 55
18 255
109 1
42 349
29 49
60 219
135 359
114 191
72 285
101 165
76 201
151 145
79 220
32 75
18 60
119 245
177 40
171 292
165 356
6 119
79 250
180 285
7 275
109 341
128 321
68 127
27 224
126 368
120 358
174 362
125 322
146 42
32 59
174 123
53 274
163 130
118 17
30 149
114 176
13 115
37 122
56 130
89 366
24 63
101 15
74 47
15 323
149 113
24 36
6 127
67 92
180 326
168 268
49 367
118 30
125 246
159 265
99 296
59 2
98 169
75 344
37 88
152 215
139 27
128 177
127 141
16 244
117 170
37 28
4 226
173 82
65 106
51 282
177 296
81 86
120 148
85 354
38 173
130 180
53 75
40 313
114 304
57 337
145 16
16 341
59 228
170 124
