96 286
21 419
192 348
227 336
37 266
122 492
238 452
223 369
159 152
26 323
40 299
225 41
120 174
219 226
86 92
64 113
178 316
123 305
170 195
242 226
281 107
267 19
231 468
171 553
26 448
196 481
171 16
60 151
218 291
21 371
8 298
112 486
229 546
135 29
113 91
189 415
65 285
191 198
150 359
33 494
113 252
5 323
211 505
174 465
97 342
149 142
223 388
185 66
68 62
276 299
274 9
219 167
52 377
278 317
83 126
213 283
205 536
286 110
65 465
25 501
258 288
124 206
234 438
55 334
108 435
267 76
90 300
60 545
40 192
152 117
98 184
142 460
177 397
194 187
53 515
241 320
219 456
278 106
210 393
274 422
285 474
209 82
150 293
142 318
2 90
282 371
176 546
119 528
253 299
226 145
230 101
146 388
53 526
143 145
80 544
111 128
281 207
