97 202
1 23
55 375
32 95
25 285
107 300
31 137
72 234
48 111
115 113
131 392
118 140
58 154
82 19
44 137
67 39
134 11
13 121
143 337
115 144
202 125
97 399
23 270
55 138
74 296
100 3
10 67
60 66
203 318
41 204
211 197
163 167
93 399
123 104
34 286
20 169
91 422
164 205
92 386
23 364
56 144
117 301
211 72
141 271
120 120
90 82
20 256
108 129
64 100
142 179
137 397
34 302
143 98
91 194
63 420
173 350
21 201
167 362
158 225
172 200
163 97
110 417
149 17
104 252
87 220
142 212
112 226
144 250
51 375
140 377
110 46
126 245
192 21
96 145
114 117
129 213
61 342
105 102
173 262
51 177
114 204
185 422
19 337
99 240
198 408
16 45
134 322
77 340
66 237
168 319
52 248
34 170
121 408
144 134
170 337
150 196
139 320
105 321
