98 30
53 138
75 102
46 132
60 107
23 80
62 48
2 122
48 68
62 114
45 100
40 64
57 12
24 57
27 17
84 91
76 26
35 100
12 143
62 37
53 134
81 171
3 36
50 77
6 152
14 55
44 80
33 14
10 135
9 13
30 65
57 116
78 34
46 52
11 113
6 69
33 107
48 63
79 86
32 112
76 160
8 85
45 167
69 125
8 79
38 46
89 96
84 51
40 173
89 44
67 177
80 63
42 128
47 38
16 15
80 61
10 147
78 37
26 116
15 5
6 12
12 160
66 55
41 149
65 135
82 8
20 140
47 121
87 89
10 131
73 126
58 10
15 151
11 157
59 73
39 123
51 85
84 155
81 161
39 37
5 141
63 51
43 163
55 144
47 103
87 77
35 25
37 175
8 3
61 49
24 55
71 99
21 22
46 85
21 24
57 122
30 145
6 137
55 123
