99 76
203 468
22 452
180 529
125 273
47 212
51 43
58 515
57 120
15 56
82 580
141 345
122 172
50 164
133 257
75 331
65 14
292 111
252 250
292 318
61 369
86 318
151 110
209 400
231 397
4 514
252 320
266 321
231 581
6 295
224 456
8 529
244 290
287 390
51 287
248 154
93 340
157 520
134 60
9 578
200 167
141 534
54 463
38 380
161 227
79 296
250 554
172 339
100 477
146 393
16 207
280 252
259 247
5 505
293 499
242 114
202 142
144 16
134 67
30 416
232 147
270 485
249 481
76 260
224 64
245 448
132 208
179 86
124 539
289 4
25 243
123 351
266 335
63 145
210 450
46 382
197 126
92 91
218 497
293 529
143 453
33 551
93 235
152 403
192 46
192 552
7 284
199 229
198 591
71 455
295 293
272 534
152 8
149 476
41 21
258 138
288 169
10 549
107 439
246 88
