100 59
44 27
17 49
77 39
68 54
3 110
64 4
74 179
59 117
15 93
4 80
80 140
13 21
38 11
82 18
73 129
56 1
38 175
34 147
32 177
40 55
44 47
51 13
74 50
19 1
9 60
2 103
83 5
3 169
22 102
57 146
51 9
46 136
19 168
89 168
74 48
91 140
82 164
4 8
60 61
43 125
67 94
75 38
57 160
53 23
45 156
79 135
66 57
30 25
17 173
67 122
49 13
23 36
28 143
33 15
26 135
33 95
68 180
89 146
37 5
34 81
37 82
36 80
74 63
55 116
13 115
2 134
61 31
41 149
16 96
50 162
8 63
11 10
27 92
28 122
78 180
64 113
53 45
41 124
50 107
4 161
17 82
17 156
4 150
9 7
79 6
71 47
87 152
11 172
23 113
15 21
51 97
49 95
5 11
78 178
1 1
64 114
68 75
59 37
20 170
84 102
