101 86
126 149
74 55
46 211
131 114
109 152
107 62
123 32
90 123
86 8
117 125
71 294
60 51
81 214
65 278
84 288
67 246
130 72
91 260
44 172
79 208
31 99
46 260
74 110
97 167
86 207
68 206
22 38
28 130
69 132
47 149
90 70
49 220
65 231
123 106
84 36
63 222
43 142
77 274
44 193
3 140
54 241
127 129
22 153
75 102
64 225
52 220
87 75
93 98
38 105
56 187
61 188
72 59
121 13
18 90
61 71
31 70
143 237
94 245
97 235
4 143
87 290
47 29
35 168
142 208
8 157
139 292
93 178
60 123
91 219
24 118
20 164
80 200
68 159
46 230
147 130
42 26
81 200
139 51
89 7
9 87
134 32
5 155
46 269
9 252
94 237
7 281
94 214
35 255
90 195
100 219
86 152
12 187
130 294
41 14
2 51
112 165
55 200
60 19
87 163
97 287
124 138
