102 86
68 119
89 53
44 44
19 26
28 174
96 55
90 234
39 181
53 90
62 94
103 23
37 212
31 165
39 203
32 3
41 83
41 115
87 173
16 72
73 111
11 143
3 83
36 27
6 88
62 166
55 65
116 11
75 143
95 195
5 108
86 91
24 107
63 110
113 79
3 173
10 148
18 21
17 177
95 116
1 133
22 218
38 208
77 71
2 106
62 125
76 213
47 19
78 51
60 230
21 149
109 33
51 189
116 172
34 42
58 106
43 73
67 129
63 210
14 113
106 223
18 61
78 73
80 147
20 222
73 104
113 134
27 144
21 38
85 95
67 165
43 78
36 87
15 47
92 177
45 180
78 221
36 197
28 63
12 158
65 16
77 169
55 131
60 116
25 62
37 7
88 179
83 198
41 32
115 4
96 136
61 225
56 97
37 229
113 161
14 234
86 125
115 106
94 15
51 161
28 85
83 185
37 41
