103 270
120 492
254 299
49 251
50 217
236 539
226 171
58 205
96 502
107 274
211 30
234 350
38 554
276 206
89 214
45 402
114 59
238 118
27 424
156 484
264 44
103 27
22 96
23 541
128 82
95 535
155 519
40 47
21 65
260 386
21 135
96 392
118 310
269 542
58 484
243 414
75 396
232 212
94 141
265 443
66 93
262 354
263 393
80 479
274 96
204 388
91 340
69 168
46 484
176 478
193 426
279 349
216 311
117 259
117 304
162 554
33 179
279 279
245 261
72 442
44 219
166 70
236 231
73 207
39 112
236 208
29 278
173 109
133 243
155 27
218 140
251 301
117 543
268 111
263 37
142 271
66 483
50 513
68 128
11 20
95 528
128 249
133 234
100 350
213 90
141 215
100 395
270 370
124 422
21 376
55 2
95 298
137 87
27 361
195 11
257 240
159 430
148 171
19 68
236 36
47 128
252 544
26 370
25 450
